0	0	1	0	0.68131	0.33333	0.49499	0.52106	0	0.43284	0.38972	0	0.21089	0.34686	0.23733	0.02743	0.63056	0	0	0	0.55336	0.46733	0.60013	0	1	0	0.47712
0	0	1	0	0.67101	0.33333	0.57514	0.52106	0	0.52985	0.41096	0	0.13654	0.30193	0.05069	0.02743	0.46037	0	0	0	0.68149	0.51733	0.59021	0	1	0	0.84634
0	0	1	0	0.6639	0.33333	0.52338	0.52106	0	0.36567	0.37698	0	0.24605	0.36421	0.28018	0.02743	0.73856	0	0	0	0.53097	0.42533	0.601	0	1	0	1.39829
0	0	1	0	0.64814	0.33333	0.32603	0.34069	0	0.34328	0.35551	0	0.1603	0.39234	0.23138	0.02743	0.71528	0	0	0	0.66385	0.46133	0.60013	0	1	0	1.41464
0	0	1	0	0.62572	0.33333	0.44045	0.34069	0	0.42537	0.37767	0	0.125	0.29767	0.0481	0.02743	0.54509	0	0	0	0.67507	0.51733	0.59021	0	1	0	1.74052
0	0	1	0	0.63151	0.33333	0.36642	0.34069	0	0.28358	0.34294	0	0.23431	0.34485	0.27521	0.02743	0.82329	0	0	0	0.52953	0.41667	0.601	0	1	0	2.74429
1	0	1	1	0.6249	0	0.55102	0.32477	1	0.33582	0.15786	0	0.36793	0.60865	0.8366	0.31225	0.40663	0	0	1	0.64361	0.52333	0.4295	1	1	0	0.63367
1	0	1	1	0.61787	0	0.55473	0.32477	1	0.3209	0.14179	0	0.38373	0.60783	0.84164	0.31225	0.43363	0	0	1	0.63128	0.55933	0.4295	1	1	0	0.90849
1	0	1	1	0.61414	0	0.55844	0.32477	1	0.30597	0.13433	0	0.35622	0.52389	0.8263	0.31225	0.46063	0	0	1	0.63476	0.53267	0.4295	1	1	0	1.36135
1	0	1	1	0.61414	0	0.56401	0.32477	1	0.30597	0.14122	0	0.39043	0.60146	0.84393	0.31225	0.4701	0	0	1	0.62713	0.526	0.4295	1	1	0	1.64326
0	0	1	0	0.59967	0	0.28738	0.22668	0	0.26866	0.30999	0	0.2462	0.35616	0.70508	0.13455	0.54423	0	0	0	0.631	0.362	0.25606	1	1	0	0.77815
0	0	1	0	0.6158	0.33333	0.29369	0.22668	0	0.23881	0.31854	0	0.27526	0.37035	0.70876	0.13455	0.55254	0	0	0	0.64178	0.34933	0.25649	1	1	0	0.84634
0	0	1	0	0.64388	0	0.32078	0.20033	0	0.15672	0.33949	0	0.32173	0.46246	0.72097	0.13491	0.60081	0	0	0	0.62818	0.39333	0.34784	1	0	1	0.84634
0	0	1	0	0.53639	0	0.4141	0.22668	0	0.24627	0.32698	0	0.26876	0.31189	0.70089	0.13455	0.48816	0	0	0	0.6096	0.33733	0.25606	1	1	0	1.07918
0	0	1	0	0.64347	0	0.32134	0.20033	0	0.1791	0.33186	0	0.29243	0.36952	0.71785	0.13455	0.57453	0	0	0	0.57471	0.372	0.2531	1	1	0	1.11461
0	0	1	0	0.65108	0	0.33594	0.20033	0	0.16418	0.33949	0	0.31402	0.39157	0.72258	0.13455	0.60153	0	0	0	0.54059	0.35467	0.2531	1	1	0	1.22994
0	0	1	0	0.63441	0	0.31058	0.20033	0	0.18657	0.32308	0	0.28624	0.34905	0.7157	0.13455	0.54752	0	0	0	0.56105	0.35867	0.2531	1	1	0	1.25527
0	1	1	0	0.60008	0.33333	0.29907	0.22668	0	0.25373	0.30999	0	0.32238	0.46169	0.7246	0.13455	0.52554	0	0	0	0.54131	0.39333	0.261	1	0	0	1.25527
0	0	1	0	0.57651	0	0.43469	0.20033	0	0.15672	0.37024	0	0.23224	0.29818	0.69607	0.13455	0.54442	0	0	0	0.62309	0.34933	0.25268	1	1	0	1.25527
0	0	1	0	0.61704	0	0.30519	0.20033	0	0.21642	0.31292	0	0.22959	0.27889	0.68817	0.13455	0.55352	0	0	0	0.62713	0.38133	0.25268	1	1	0	1.27921
0	0	1	0	0.58974	0	0.44434	0.20033	0	0.14925	0.37922	0	0.2383	0.31508	0.69895	0.13455	0.57142	0	0	0	0.62271	0.33733	0.2527	1	1	0	1.34282
0	0	1	0	0.57486	0	0.43488	0.22668	0	0.23134	0.33766	0	0.24032	0.32656	0.7077	0.13455	0.4918	0	0	0	0.63775	0.326	0.25282	1	1	0	1.41464
0	0	1	0	0.61497	0	0.4666	0.20033	0	0.11194	0.39351	0	0.2949	0.39615	0.72078	0.13455	0.59242	0	0	0	0.58837	0.32533	0.2531	1	1	0	1.49164
0	0	1	0	0.5488	0	0.44638	0.20033	0	0.17164	0.35959	0	0.21919	0.27219	0.69368	0.13455	0.51268	0	0	0	0.62829	0.34267	0.25229	1	1	0	1.61257
0	0	1	0	0.60959	0	0.45288	0.20033	0	0.12687	0.37172	0	0.24137	0.30781	0.69305	0.13455	0.62542	0	0	0	0.62647	0.31533	0.2527	1	1	0	1.6988
0	0	1	0	0.6005	0	0.44954	0.20033	0	0.13433	0.38691	0	0.23949	0.30818	0.69444	0.13455	0.59842	0	0	0	0.62746	0.326	0.2527	1	1	0	1.76358
0	0	1	0	0.622	0	0.44898	0.20033	0	0.09254	0.3992	0	0.27309	0.40102	0.71571	0.18862	0.59575	0	0	0	0.65135	0.32067	0.25967	1	1	0	1.80754
0	0	1	0	0.58271	0	0.31039	0.20033	0	0.25373	0.28703	0	0.19193	0.13428	0.68596	0.13455	0.50011	0	0	0	0.67258	0.38933	0.24779	1	1	0	1.81158
0	0	1	0	0.555	0	0.27607	0.26174	0	0.32836	0.27612	0	0.23445	0.31334	0.70768	0.13455	0.4582	0	0	0	0.64228	0.38133	0.25605	1	1	0	1.90849
0	0	1	0	0.53433	0	0.43952	0.20033	0	0.18657	0.3469	0	0.19097	0.12374	0.67839	0.13455	0.49101	0	0	0	0.67424	0.35533	0.24779	1	1	0	1.95999
0	0	1	0	0.622	0	0.46865	0.20033	0	0.10299	0.3992	0	0.26476	0.42423	0.71234	0.13455	0.61943	0	0	0	0.62879	0.32067	0.2531	1	1	0	1.99564
1	0	1	1	0.84285	0	0.25863	0.27796	1	0.27612	0.49082	0	0.13193	0.11228	0.64151	0.15712	0.63888	0	0	1	0.6895	0.35333	0.25246	1	1	0	2.22531
1	0	1	1	0.8263	0	0.26345	0.27796	1	0.25373	0.47991	0	0.15467	0.27519	0.65492	0.15712	0.66055	0	0	1	0.65533	0.34133	0.25696	1	1	0	2.50406
1	0	0	1	0.74235	0	0.34076	0.29458	1	0.21642	0.41234	0	0.50921	0.46321	0.57353	0.54149	0.73156	0	0	1	0.21555	0.33867	0.01262	1	1	0	2.68664
1	0	0	1	0.73821	0	0.3128	0.27796	1	0.22388	0.41648	0	0.51174	0.46397	0.57244	0.54149	0.71343	0	0	1	0.215	0.33667	0.01262	1	1	0	2.7577
0	0	1	0	0.77585	0.66667	0.3551	0.26007	0	0.38806	0.41269	1	0.31547	0.55802	0.57859	0.02999	0.4852	0	0	0	0.49635	0.46067	0.76014	0	0	1	0.94841
0	0	1	0	0.59801	0.33333	0.16716	0.1106	0	0.15672	0.31613	0	0.32167	0.56318	0.57917	0.02999	0.75711	0	0	0	0.49226	0.42133	0.76014	0	0	1	1.03342
0	0	1	0	0.7713	0.33333	0.41892	0.24362	0	0.23881	0.3872	1	0.34498	0.61959	0.58887	0.03119	0.59497	0	0	0	0.49259	0.438	0.75068	0	0	1	1.51693
0	0	0	0	0.67849	0	0.55659	0.1451	0	0.20896	0.32549	0	0.45147	0.59113	0.86566	0.53074	0.73928	0	0	0	0.51349	0.35533	0.59191	1	1	0	1.44747
0	0	0	0	0.68763	0	0.61224	0.1451	0	0.16418	0.35631	0	0.51264	0.62577	1	0.52665	0.78674	0	0	0	0.47926	0.37533	0.63746	1	1	0	2.28601
1	0	0	0	0.65658	0	0.73469	0.16148	0	0.28358	0.28129	0	0.26703	0.33398	0.43149	0.5422	0.67733	0	0	0	0.54861	0.36067	0.08325	1	0	1	2.66913
1	0	0	0	0.68197	0	0.76623	0.13514	0	0.22388	0.34076	0	0.25402	0.32412	0.42906	0.54076	0.68691	0	0	0	0.55817	0.33067	0.08457	1	0	1	2.33686
1	0	0	0	0.71456	0	0.70501	0.13514	0	0.22388	0.33835	0	0.26696	0.34189	0.43084	0.54113	0.7236	0	0	0	0.56016	0.364	0.08459	1	0	1	1.58297
1	1	1	0	0.67411	0.33333	0.53989	0.11517	1	0.52985	0.36854	0	0.12206	0.20389	0.49088	0.02743	0.51738	1	0	1	0.87099	0.30333	0.67553	1	0	0	0.47538
1	0	0	1	0.54425	0	0.54545	0.29126	1	0.26866	0.52928	0	0.42641	0.43502	0.58572	0.54149	0.86685	0	0	1	0.25863	0.518	0.01239	1	1	0	2.57054
0	0	1	0	0.48139	0	0.54917	0.24837	0	0.37313	0.26119	0	0.27726	0.40474	0.06412	0.01602	0.58866	0	0	0	0.59356	0.384	0.70978	1	0	1	0.77815
1	0	1	0	0.58892	0.33333	0.32942	0.43287	1	0.64179	0.25947	0	0.42836	0.21226	0.64296	0.02743	0.55148	1	0	0	0.33665	0.51067	0.65086	0	1	0	2.84261
1	0	1	1	0.73739	0	0.26456	0.22152	1	0.41791	0.35069	0	0.33628	0.07208	0.41792	0.02743	0.5722	0	0	1	0.39449	0.54133	0.64087	1	1	0	1.67742
1	0	1	1	0.85153	0	0.2616	0.22152	1	0.48507	0.28129	0	0.30242	0.04236	0.38475	0.02743	0.49471	0	0	1	0.42574	0.46267	0.64086	1	1	0	1.63185
1	0	1	1	0.75269	0	0.44286	0.25347	1	0.44776	0.27956	0	0.30782	0.04214	0.38948	0.02743	0.48425	0	0	1	0.42784	0.49867	0.64086	1	1	0	1.37144
0	0	1	0	0.67015	0.33333	0.22412	0.18275	0	0.21642	0.29449	0	0.43657	0.77375	0.41067	0.19683	0.7928	0	0	0	0.55452	0.518	0.76019	0	0	1	1.29667
0	0	1	0	0.91646	0	0.57514	0.26979	0	0.42537	0.33318	0	0.13381	0.08518	0.34373	0.19693	0.64082	0	0	0	0.66805	0.46067	0.60497	0	1	0	1.34044
0	0	1	0	0.51282	0	0.56772	0.29613	0	0.47761	0.26579	0	0.19869	0.33074	0.37038	0.19826	0.63125	0	0	0	0.67756	0.44533	0.60497	0	1	0	1.15836
0	0	1	0	0.69905	0	0.44564	0.26979	0	0.48507	0.34575	0	0.26695	0.09302	0.3798	0.19587	0.64949	0	0	0	0.59439	0.49	0.60531	0	1	0	1.11661
0	0	1	0	0.5306	0	0.58256	0.26979	0	0.39552	0.17164	0	0.21507	0.1796	0.35448	0.19256	0.66249	0	0	0	0.54501	0.40667	0.61073	0	1	0	0.95424
0	0	1	0	0.50041	0	0.57699	0.26979	0	0.42537	0.14753	0	0.18239	0.09159	0.36789	0.19256	0.64082	0	0	0	0.56995	0.42133	0.60497	0	1	0	0.41464
0	0	1	0	0.44458	0	0.54731	0.29613	0	0.54478	0.14237	0	0.16813	0.12156	0.37596	0.19256	0.55756	0	0	0	0.67076	0.42133	0.60497	0	1	0	0.14551
0	0	1	0	0.71332	0	0.61224	0.19688	0	0.1791	0.45637	0	0.41571	0.39943	0.42505	0.25633	0.91763	0	0	0	0.41799	0.46	0.62031	1	1	0	2.67025
0	0	1	0	0.79404	0	0.67904	0.14151	0	0.14925	0.63548	0	0.27318	0.21227	0.48779	0.22863	0.96193	0	0	0	0.59965	0.38467	0.68873	0	1	0	2.55267
0	0	1	0	0.71485	0	0.73469	0.13006	0	0.29851	0.60735	0	0.39809	0.39012	0.55705	0.23446	0.87065	1	0	0	0.3377	0.38133	0.62994	0	1	0	2.40346
0	0	1	0	0.83168	0	0.75881	0.10372	0	0.12687	0.68542	0	0.31915	0.40378	0.53326	0.23723	0.93669	1	0	0	0.56779	0.328	0.62994	0	1	0	2.30963
0	0	1	0	0.75062	0	0.73655	0.13006	0	0.16418	0.61481	0	0.40313	0.38797	0.55714	0.23446	0.8846	1	0	0	0.33765	0.38133	0.62994	0	1	0	2.13033
0	0	1	0	0.69562	0	0.38293	0.03779	0	0.05821	0.42652	0	0.3926	0.52509	0.48456	0.21024	0.84343	0	0	0	0.55314	0.388	0.61145	0	1	0	2.04532
0	0	1	0	0.66861	0	0.45269	0.02634	0	0.26119	0.34374	0	0.37092	0.34187	0.54166	0.19399	0.7552	1	0	0	0.39737	0.408	0.62052	0	1	0	1.79934
0	0	1	0	0.61704	0	0.44249	0.02634	0	0.07836	0.29908	0	0.32971	0.29987	0.53491	0.19399	0.7661	1	0	0	0.4113	0.408	0.62115	0	1	0	1.57955
1	0	1	1	0.7531	0	0.21262	0.21656	1	0.29851	0.43571	0	0.13437	0.2637	0.64002	0.15712	0.5786	0	0	1	0.66069	0.27333	0.25696	1	1	0	2.44091
1	0	1	1	0.71671	0	0.24007	0.30046	1	0.46269	0.54994	0	0.30926	0.14145	0.60186	0.02743	0.4929	1	0	1	0.50315	0.44067	0.65179	1	1	0	2.49831
1	0	1	1	0.77543	0	0.2384	0.30046	1	0.46269	0.48565	0	0.27204	0.13774	0.56421	0.02743	0.4929	1	0	1	0.52958	0.44067	0.65078	1	1	0	2.42062
1	0	1	1	0.50579	0	0.20037	0.38928	1	0.50746	0.57348	0	0.37598	0.16755	0.58457	0.02743	0.42652	1	0	1	0.38686	0.472	0.65179	1	1	0	2.30835
1	0	1	1	0.69036	0	0.16475	0.30046	1	0.43284	0.62744	0	0.36167	0.18521	0.59139	0.02743	0.53046	1	0	1	0.41246	0.46467	0.65179	1	1	0	1.95424
1	0	1	1	0.54508	0	0.21299	0.30046	1	0.52239	0.60046	0	0.29929	0.14803	0.60352	0.02743	0.45622	1	0	1	0.52511	0.456	0.65179	1	1	0	1.84261
1	0	1	1	0.66257	0	0.20928	0.30046	1	0.52239	0.46441	0	0.2599	0.11526	0.57321	0.02743	0.45622	1	0	1	0.54573	0.456	0.65342	1	1	0	1.81558
1	0	1	1	0.70269	0	0.28126	0.61395	1	0.35821	0.26234	0	0.19736	0.02507	0.4312	0.16245	0.56001	0	0	1	0.65024	0.43867	0.28662	1	1	0	2.07041
1	0	1	1	0.66861	0	0.24787	0.67535	1	0.43284	0.31303	0	0.16768	0.01056	0.41892	0.16245	0.44704	0	0	1	0.66009	0.44867	0.28662	1	1	0	1.93349
1	0	1	1	0.68879	0	0.27699	0.61395	1	0.3806	0.27727	0	0.1854	0.01968	0.42351	0.16245	0.50747	0	0	1	0.65489	0.45867	0.28662	1	1	0	1.86451
1	0	1	1	0.69731	0	0.2872	0.61395	1	0.39552	0.26464	0	0.17724	0.0101	0.41165	0.16245	0.47482	0	0	1	0.6514	0.45733	0.28662	1	1	0	1.68556
0	0	1	0	1	0	0.35419	0.22692	0	0.25373	0.34122	0	0.16675	0.22495	0.6436	0.15981	0.70814	0	0	0	0.63117	0.23733	0.25698	1	1	0	3.63246
0	0	1	0	0.9909	0	0.24341	0.28833	0	0.34328	0.46556	0	0.16795	0.22079	0.64305	0.15981	0.68957	0	0	0	0.62978	0.27533	0.25698	1	1	0	2.94547
0	0	1	0	0.70211	0.33333	0.55844	0.08727	0	0.15672	0.29392	0	0.33469	0.44542	0.56048	0.19718	0.80771	1	0	0	0.45676	0.368	0.65264	0	1	0	1.56844
0	0	1	0	0.64057	0.33333	0.55844	0.11361	0	0.21642	0.24512	0	0.37818	0.44669	0.56714	0.19399	0.75561	1	0	0	0.38205	0.42867	0.65264	0	1	0	1.53173
0	1	1	0	0.67411	0	0.18905	0.07129	0	0.14179	0.40626	0	0.59589	0.68478	0.83876	0.21131	0.55397	0	0	0	0.44902	0.33133	0.75318	0	0	0	1.73624
0	1	1	0	0.66232	0	0.22412	0.06141	0	0.06716	0.34013	0	0.64736	0.74305	0.84841	0.21131	0.50628	0	0	0	0.42231	0.37933	0.7628	0	0	0	0.89873
0	1	1	0	0.67411	0	0.21299	0.06141	0	0.16418	0.41602	0	0.63962	0.71617	0.84452	0.21131	0.38401	0	0	0	0.42374	0.404	0.7628	0	0	0	0.5563
0	1	1	0	0.75269	0	0.2269	0.08775	0	0.13433	0.36398	0	0.66848	0.7444	0.85265	0.21131	0.48751	0	0	0	0.42347	0.322	0.7628	0	0	0	0.34282
0	0	1	0	0.54632	0.66667	0.42115	0.28482	0	0.32836	0.17279	0	0.2269	0.42003	0.06686	0.01737	0.75456	0	0	0	0.64665	0.338	0.71052	0	0	1	0.63669
0	0	1	0	0.622	0.66667	0.382	0.2751	0	0.35821	0.18944	0	0.22851	0.41063	0.06563	0.01737	0.64491	0	0	0	0.64051	0.356	0.71052	0	0	1	0.61066
0	0	1	0	0.58974	0.66667	0.38089	0.25644	0	0.44776	0.22675	0	0.22776	0.41434	0.06888	0.01737	0.55331	0	0	0	0.63808	0.34067	0.71052	0	0	1	0.58569
0	1	1	0	0.65368	0.66667	0.39295	0.29627	0	0.41045	0.23479	0	0.2994	0.51526	0.68771	0.13405	0.60736	0	0	0	0.55696	0.36667	0.26969	1	0	0	0.54382
0	0	1	0	0.61456	0.66667	0.61781	0.33586	0	0.38806	0.22158	0	0.22978	0.41055	0.06548	0.01737	0.64947	0	0	0	0.64079	0.356	0.71052	0	0	1	0.38021
0	0	1	0	0.56452	0.66667	0.39239	0.20744	0	0.33582	0.19288	0	0.22775	0.41162	0.06526	0.01737	0.68484	0	0	0	0.64278	0.35867	0.71052	0	0	1	0.33686
0	0	1	0	0.57361	0.66667	0.3718	0.24066	0	0.42537	0.15385	0	0.20784	0.43353	0.06728	0.01737	0.61638	0	0	0	0.64151	0.34133	0.71052	0	0	1	0.28601
0	1	1	0	0.63991	0.66667	0.39072	0.26013	0	0.41791	0.37979	0	0.30896	0.55586	0.70999	0.13302	0.67784	0	0	0	0.5412	0.40467	0.28923	0	0	0	0.22994
0	0	1	0	0.67512	0.66667	0.4898	0.33377	0	0.38806	0.17164	0	0.23014	0.40982	0.06544	0.01737	0.65001	0	0	0	0.63852	0.35333	0.71052	0	0	1	0.13418
0	0	1	0	0.51613	0.66667	0.58442	0.33586	0	0.51493	0.14122	0	0.22184	0.4087	0.06096	0.01737	0.53608	0	0	0	0.64582	0.32	0.71052	0	0	1	0.11461
0	0	1	0	0.52605	0.66667	0.39573	0.20744	0	0.33582	0.15844	0	0.21544	0.42271	0.06634	0.01737	0.68484	0	0	0	0.6524	0.37667	0.71052	0	0	1	0.08565
0	0	1	0	0.46278	0.66667	0.26902	0.19147	0	0.52985	0.16877	0	0.22178	0.40386	0.05566	0.01737	0.5021	0	0	0	0.63852	0.34067	0.71052	0	0	1	0.0406
0	1	1	0	0.51365	0.66667	0.39258	0.23379	0	0.41791	0.17049	0	0.28058	0.64683	0.69623	0.16323	0.64408	0	0	0	0.5673	0.356	0.24147	0	0	0	0.0406
0	1	1	0	0.52192	0.66667	0.39091	0.23379	0	0.41791	0.14925	0	0.33277	0.6604	0.71758	0.16739	0.64408	0	0	0	0.55624	0.356	0.32844	0	0	0	-0.00436
0	0	1	0	0.53722	0.66667	0.36939	0.20744	0	0.41791	0.13433	0	0.2128	0.41504	0.06271	0.01737	0.57625	0	0	0	0.65152	0.32467	0.71052	0	0	1	-0.04576
0	0	1	0	0.60587	0.66667	0.37792	0.26885	0	0.44776	0.26751	0	0.2285	0.4157	0.06481	0.01737	0.63474	0	0	0	0.63791	0.37667	0.71052	0	0	1	-0.04576
0	0	1	0	0.67455	0.66667	0.55659	0.33586	0	0.55224	0.3633	0	0.18214	0.42927	0.05989	0.01737	0.52168	0	0	0	0.65704	0.36933	0.71052	0	0	1	-0.04576
0	1	1	0	0.62448	0.66667	0.39536	0.23379	0	0.41791	0.28473	0	0.28956	0.53346	0.68128	0.13396	0.64408	0	0	0	0.54678	0.37333	0.27459	0	0	0	-0.06956
0	0	1	0	0.55252	0.66667	0.40408	0.20744	0	0.33582	0.19288	0	0.22705	0.41257	0.0649	0.01737	0.68484	0	0	0	0.64239	0.34133	0.71052	0	0	1	-0.08197
0	1	1	0	0.53309	0.66667	0.38386	0.20744	0	0.40299	0.16762	0	0.21816	0.53583	0.29577	0.02743	0.62544	0	0	0	0.52245	0.344	0.61155	0	0	0	-0.15366
0	1	1	0	0.53929	0.66667	0.36698	0.20744	0	0.46269	0.15499	0	0.2108	0.50925	0.23622	0.02743	0.57144	0	0	0	0.47451	0.35	0.61065	0	0	0	-0.18046
0	0	1	0	0.5426	0.66667	0.39276	0.20744	0	0.35821	0.17336	0	0.22205	0.41427	0.06792	0.01737	0.65365	0	0	0	0.64527	0.32733	0.71052	0	0	1	-0.19246
0	1	1	0	0.54136	0.66667	0.40204	0.20744	0	0.5	0.17796	0	0.13765	0.46776	0.05089	0.02743	0.52889	0	0	0	0.59472	0.36467	0.60073	0	0	0	-0.24413
0	0	1	0	0.52854	0.66667	0.37829	0.27388	0	0.4403	0.15557	0	0.21812	0.42244	0.06554	0.01737	0.58396	0	0	0	0.65174	0.34067	0.71052	0	0	1	-0.40894
0	0	1	0	0.52647	0.66667	0.38182	0.24066	0	0.42537	0.14581	0	0.20617	0.42816	0.06787	0.01737	0.5797	0	0	0	0.64455	0.32733	0.71052	0	0	1	-0.43156
0	0	1	0	0.59801	0.66667	0.39109	0.24066	0	0.42537	0.23249	0	0.19632	0.44783	0.0693	0.01737	0.57969	0	0	0	0.63636	0.32733	0.71052	0	0	1	-0.48149
0	0	1	0	0.445	0.66667	0.68089	0.25848	0	0.48507	0.18025	0	0.22261	0.4108	0.06009	0.01737	0.54452	0	0	0	0.64416	0.36467	0.71052	0	0	1	-0.72492
0	0	1	0	0.54053	1	0.36475	0.2777	0	0.47015	0.14868	0	0.21693	0.41792	0.06491	0.01737	0.56644	0	0	0	0.65013	0.34067	0.71052	0	0	1	-1.22185
0	0	1	0	0.80852	0	0.51744	0.40117	0	0.64179	0.44948	0	0.37086	0.50318	0.62374	0.02743	0.64545	0	0	0	0.4186	0.262	0.66873	0	1	0	1.65321
1	0	1	0	0.84078	0	0.31633	0.15564	1	0.15672	0.2434	0	0.29466	0.32087	0.57777	0.02743	0.67263	1	0	1	0.48684	0.40133	0.65648	1	1	0	1.78675
1	0	1	0	0.87097	0	0.28998	0.15564	1	0.20149	0.19403	0	0.24548	0.20357	0.49661	0.02743	0.59646	1	0	1	0.50857	0.364	0.65552	1	1	0	1.77247
0	0	1	0	0.58602	0	0.32171	0.15564	0	0.20149	0.29162	0	0.14443	0.13099	0.29931	0.02743	0.57631	0	0	0	0.57659	0.3	0.59987	1	1	0	1.72362
1	0	1	0	0.80521	0	0.3102	0.15564	1	0.17164	0.23881	0	0.26512	0.25725	0.5699	0.02743	0.65036	1	0	1	0.50476	0.39667	0.65731	1	1	0	1.59106
1	0	1	0	0.80976	0	0.32041	0.15564	1	0.15672	0.24914	0	0.30206	0.3226	0.60136	0.02743	0.67736	1	0	1	0.44697	0.40133	0.65734	1	1	0	1.59106
0	0	1	0	0.87304	0	0.29926	0.15564	1	0.21642	0.18197	0	0.20105	0.13655	0.31604	0.02743	0.56191	0	0	0	0.52964	0.33533	0.64551	1	1	0	1.59106
1	0	1	0	0.74111	0	0.3385	0.23302	1	0.26866	0.27497	0	0.19359	0.21673	0.37634	0.02743	0.58801	0	0	1	0.608	0.37467	0.6026	1	1	0	1.43136
1	0	1	0	0.71059	0	0.35147	0.23302	1	0.25373	0.16073	0	0.15955	0.21521	0.37156	0.02743	0.60554	0	0	1	0.62569	0.34533	0.5959	1	1	0	1.43136
1	0	1	0	0.8201	0	0.3141	0.15564	1	0.10448	0.27382	0	0.41429	0.29945	0.60909	0.02743	0.69706	1	0	1	0.40577	0.36067	0.65756	1	1	0	1.43136
0	1	1	0	0.60753	0	0.01484	0.35602	0	0.44776	0.2876	0	0.46257	0.66054	0.79245	0.40772	0.54064	0	0	0	0.38415	0.42267	0.5266	0	1	0	2.5563
0	0	1	0	0.6311	0.33333	0.06865	0.32096	0	0.4403	0.35201	0	0.34992	0.42102	0.76679	0.40772	0.58907	0	0	0	0.57836	0.44733	0.51779	0	1	0	2.09202
0	1	1	0	0.60753	0.33333	0.12616	0.32096	0	0.4403	0.2876	0	0.38993	0.60467	0.78684	0.40772	0.58907	0	0	0	0.54297	0.49067	0.52676	0	0	0	1.63002
1	0	1	1	0.59181	0	0.39035	0.66872	1	0.33582	0.43685	0	0.36892	0.15951	0.59433	0.02743	0.30244	1	0	1	0.48607	0.54267	0.65069	1	1	0	2.07918
0	0	1	0	0.53805	0.66667	0.3577	0.26885	0	0.44776	0.16188	0	0.22689	0.4132	0.06367	0.01737	0.67457	0	0	0	0.64322	0.34133	0.71052	0	0	1	-0.30963
1	0	1	0	0.66538	0	0.34761	0.55775	1	0.61194	0.43743	0	0.2464	0.36895	0.48376	0.02743	0.4647	1	0	0	0.47031	0.304	0.65914	0	1	0	2.43136
1	0	1	0	0.68879	0	0.32427	0.55775	1	0.66418	0.50804	0	0.24333	0.38767	0.48799	0.02743	0.417	1	0	0	0.45626	0.26267	0.65997	0	1	0	2.07918
1	0	1	0	0.71754	0	0.34768	0.55775	1	0.51493	0.48794	0	0.32134	0.43595	0.52605	0.02743	0.53625	1	0	0	0.47064	0.308	0.66022	0	1	0	1.17609
0	0	1	0	0.62283	0	0.65492	0.39304	0	0.46269	0.4403	0	0.2242	0.43441	0.08072	0.01737	0.4888	0	1	0	0.65727	0.282	0.71052	1	0	1	0.78675
0	0	1	0	0.62324	0	0.82375	0.20579	0	0.40299	0.42824	0	0.2138	0.38533	0.05283	0.01737	0.56019	0	0	0	0.6326	0.28867	0.71051	0	0	1	0.34869
0	0	1	0	0.40116	0	0.7885	0.20579	0	0.44776	0.01263	0	0.20695	0.38638	0.0516	0.01737	0.55655	0	0	0	0.64023	0.30467	0.71051	0	0	1	0.20466
0	1	1	0	0.40653	0	0.78479	0.20579	0	0.40299	0.04765	0	0.36428	0.4663	0.71397	0.16131	0.58185	0	0	0	0.41318	0.37267	0.33783	0	1	0	0.16554
0	0	1	0	0.68222	0	0.63822	0.26672	0	0.47015	0.44948	0	0.44399	0.3883	0.71868	0.16131	0.503	0	1	0	0.4327	0.28467	0.34308	1	1	0	0.06595
0	0	1	0	0.71443	0	0.6679	0.26672	0	0.39552	0.39638	0	0.48522	0.41204	0.72479	0.16131	0.55641	0	1	0	0.32001	0.28333	0.34308	1	1	0	0.06145
0	0	1	0	0.76468	0	1	0.3441	0	0.4403	0.6969	0	0.41798	0.47543	0.07987	0.01737	0.55014	0	0	0	0.33853	0.20333	0.71051	0	0	1	0.04766
0	0	1	0	0.72084	0	0.87199	0.21569	0	0.3806	0.55511	0	0.35463	0.46802	0.72471	0.16131	0.54224	0	0	0	0.45831	0.23867	0.33154	0	1	0	0.02119
0	0	1	0	0.71629	0	0.66048	0.26672	0	0.43284	0.47589	0	0.42646	0.40836	0.72098	0.16131	0.52467	0	1	0	0.44509	0.27267	0.34308	1	1	0	0.01368
0	0	1	0	0.71712	0	0.87941	0.21569	0	0.35075	0.45465	0	0.38623	0.50942	0.76087	0.16131	0.56014	0	0	0	0.43774	0.22867	0.33154	0	1	0	-0.18842
0	0	1	0	0.68954	0	0.85158	0.21569	0	0.41791	0.53617	0	0.41422	0.47388	0.7729	0.16131	0.53221	0	0	0	0.38835	0.24933	0.33154	0	1	0	-0.45618
1	0	1	1	0.65558	0	0.23265	0.55548	1	0.57463	0.42348	0	0.20446	0.01342	0.29842	0.02743	0.34391	0	0	1	0.56564	0.42733	0.63974	1	1	0	0.67191
1	0	1	1	0.56369	0	0.23228	0.55548	1	0.57463	0.45522	0	0.20719	0.16446	0.52296	0.02743	0.34391	1	0	1	0.56879	0.42733	0.65073	1	1	0	0.50488
0	1	1	0	0.71919	0.33333	0.39573	0.73278	1	0.35075	0.40557	1	0.43515	0.91655	0.21004	0.02743	0.43049	0	0	0	0.45952	0.80667	0.60763	1	0	0	3.49415
0	1	1	0	0.68734	0.33333	0.34955	0.58255	0	0.27612	0.40098	0	0.25817	0.7636	0.11611	0.02743	0.67474	0	0	0	0.6905	0.83333	0.61441	1	0	0	3.03822
0	1	1	0	0.70641	0.33333	0.3731	0.69499	0	0.31343	0.39862	1	0.44274	0.91187	0.20438	0.02743	0.46916	0	0	0	0.45128	0.80667	0.60763	1	0	0	2.96284
0	1	1	0	0.67284	0.33333	0.3744	0.78274	0	0.40299	0.39701	1	0.50023	1	0.25479	0.02743	0.40009	0	0	0	0.4415	0.8	0.60763	1	0	0	2.25527
1	1	1	0	0.60132	0.33333	0.19852	0.40006	1	0.66418	0.30769	0	0.36464	0.62164	0.50236	0.02743	0.34536	1	0	0	0.29822	0.59667	0.67245	0	0	0	2.11461
1	0	1	1	0.67035	0	0.49981	0.29282	1	0.24627	0.48565	0	0.20068	0.14649	0.42001	0.16245	0.79609	0	0	1	0.62337	0.41933	0.29129	1	1	0	2.46568
1	0	1	1	0.66427	0	0.40816	0.35422	1	0.35821	0.56142	0	0.19164	0.13388	0.40468	0.16245	0.63407	0	0	1	0.62514	0.39467	0.29129	1	1	0	2.37694
1	0	1	1	0.67316	0	0.45343	0.35374	1	0.26866	0.32417	0	0.19931	0.12299	0.4026	0.16245	0.73835	0	0	1	0.61424	0.456	0.29129	1	1	0	2.29667
1	0	1	1	0.7316	0	0.38924	0.41515	1	0.36567	0.31561	0	0.20325	0.13607	0.41167	0.16245	0.57633	0	0	1	0.62658	0.424	0.29129	1	1	0	2.18808
1	0	1	1	0.65389	0	0.42338	0.25379	1	0.18657	0.23077	0	0.20968	0.25895	0.69048	0.17179	0.75643	0	0	1	0.62718	0.488	0.26076	1	1	0	2.73239
1	0	1	1	0.6677	0.33333	0.32763	0.39765	1	0.29104	0.48737	0	0.30471	0.31179	0.44685	0.16245	0.52323	0	0	1	0.56321	0.39533	0.2968	1	0	0	2.87506
1	0	1	1	0.69359	0.33333	0.32004	0.39765	1	0.3209	0.48106	0	0.27818	0.30118	0.46511	0.16245	0.51825	0	0	1	0.57957	0.402	0.2968	1	0	0	2.74194
1	0	1	1	0.67306	0.33333	0.31187	0.39765	1	0.35075	0.4845	0	0.23232	0.15087	0.44136	0.16245	0.46262	0	0	1	0.6164	0.40667	0.2913	1	1	0	2.5977
1	0	1	1	0.70682	0.33333	0.32022	0.39765	1	0.36567	0.47532	0	0.21763	0.15077	0.43711	0.16245	0.48464	0	0	1	0.6232	0.40333	0.2913	1	1	0	2.52634
1	0	1	1	0.68888	0.33333	0.32078	0.39765	1	0.26866	0.49426	0	0.27459	0.28404	0.44881	0.2153	0.54569	0	0	1	0.60833	0.39533	0.29891	1	1	0	2.41162
1	0	1	1	0.66567	0.33333	0.31076	0.39765	1	0.30597	0.48909	0	0.28641	0.29974	0.46527	0.16245	0.49623	0	0	1	0.57382	0.40533	0.2968	1	0	0	2.29667
1	0	1	1	0.71795	0.33333	0.32965	0.39765	1	0.28358	0.48737	0	0.27344	0.28108	0.45275	0.2153	0.56771	0	0	1	0.64339	0.392	0.29891	1	1	0	2.17609
1	0	1	1	0.62779	0.33333	0.25232	0.39765	1	0.35075	0.46269	0	0.28108	0.26342	0.45929	0.16245	0.59614	0	0	1	0.56625	0.43533	0.29597	1	1	0	2.76492
1	0	1	1	0.63151	0.33333	0.25102	0.39765	1	0.36567	0.45809	0	0.23619	0.1553	0.44911	0.16245	0.57084	0	0	1	0.61977	0.43267	0.2913	1	1	0	1.92428
1	0	0	0	0.66501	0	0.56215	0.10403	0	0.21642	0.26866	0	0.35091	0.4172	0.77374	0.56763	0.61147	0	0	1	0.44448	0.43667	0.02735	1	1	0	3.4216
1	0	0	0	0.74194	0	0.65121	0.19714	0	0.16418	0.35769	0	0.35819	0.43066	0.78703	0.56763	0.64772	0	0	1	0.43198	0.46733	0.02735	1	1	0	3.38021
1	0	0	0	0.62324	0	0.459	0.12185	0	0.14925	0.29162	0	0.3717	0.43497	0.78666	0.56763	0.65507	0	0	1	0.43503	0.512	0.02735	1	1	0	3.29667
1	0	0	0	0.50289	0	0.55473	0.15964	0	0.20896	0.32842	0	0.35106	0.39744	0.76659	0.56763	0.63446	0	0	1	0.4588	0.43533	0.02736	1	1	0	2.85733
1	0	0	0	0.60918	0	0.46827	0.12185	0	0.17164	0.28243	0	0.3634	0.42254	0.77791	0.56763	0.61862	0	0	1	0.43392	0.46933	0.02735	1	1	0	2.76938
1	0	0	0	0.57527	0	0.51206	0.12185	0	0.23134	0.41659	0	0.4095	0.41181	0.78022	0.56763	0.57016	0	0	1	0.36524	0.61067	0.02781	1	1	0	2.59106
1	0	0	0	0.59967	0	0.44341	0.12185	0	0.20149	0.21986	0	0.35845	0.41836	0.77351	0.56763	0.64569	0	0	1	0.43801	0.568	0.02735	1	1	0	2.34635
1	0	0	0	0.59967	0	0.46957	0.12185	0	0.18657	0.27727	0	0.35804	0.42679	0.77427	0.56763	0.60119	0	0	1	0.43624	0.464	0.02735	1	1	0	2.19312
1	0	0	0	0.5885	0	0.47161	0.12185	0	0.20149	0.27095	0	0.35458	0.42302	0.77117	0.56763	0.58376	0	0	1	0.43746	0.45867	0.02735	1	1	0	1.92428
1	0	0	0	0.55831	0	0.52171	0.12185	0	0.25373	0.41062	0	0.34436	0.40796	0.76635	0.56763	0.53639	0	0	1	0.44841	0.50333	0.02735	1	1	0	1.73239
1	0	0	0	0.49338	0	0.63636	0.14819	0	0.35821	0.32491	0	0.26262	0.14233	0.79615	0.50715	0.57401	0	0	1	0.52201	0.50467	0.26843	1	1	0	1.6988
1	0	1	0	0.6433	0	0.21447	0.26484	1	0.16418	0.40999	0	0.34237	0.63173	0.52512	0.90727	0.60645	1	0	1	0.56719	0.456	0.77415	0	0	1	2.10037
1	0	1	0	0.70732	0.33333	0.31818	0.2678	0	0.20149	0.46326	0	0.2621	0.45494	0.05793	0.90724	0.80171	0	0	1	0.55497	0.37467	0.70449	0	0	1	1.72411
0	0	1	0	0.69433	0.33333	0.36104	0.1814	0	0.23134	0.43054	0	0.26417	0.46598	0.05821	0.90778	0.64214	0	0	0	0.5438	0.376	0.70448	1	0	1	0.902
0	0	1	0	0.71588	0.33333	0.30148	0.1814	0	0.22388	0.43284	0	0.38668	0.49432	0.58831	0.90481	0.68907	0	0	0	0.47805	0.338	0.73305	1	0	1	0.60228
0	0	1	0	0.59926	0	0.50631	0.16786	0	0.32836	0.51665	0	0.25536	0.5973	0.10387	0.02717	0.65486	0	0	0	0.59495	0.48267	0.70751	1	0	1	1.71617
0	0	1	0	0.74442	0.66667	0.28015	0.16513	0	0.22388	0.29219	0	0.41018	0.27773	0.69187	0.02743	0.69521	1	0	0	0.52311	0.92667	0.64203	0	0	0	0.6988
0	0	1	0	0.7775	0.66667	0.29165	0.16513	0	0.23881	0.27382	0	0.4515	0.26697	0.71611	0.02743	0.64447	1	0	0	0.51852	1	0.64203	0	0	0	0.60228
0	0	1	0	0.60794	0	0.6846	0.24246	0	0.33582	0.43111	0	0.2573	0.49384	0.69248	0.37083	0.61589	0	0	0	0.6472	0.276	0.27788	1	1	0	1.74617
0	0	1	0	0.50041	0	0.66234	0.18521	1	0.41045	0.55454	0	0.23103	0.30644	0.33658	0.02743	0.48407	0	0	0	0.5047	0.356	0.64821	0	1	0	1.52556
0	0	1	0	0.78329	0.33333	0.2577	0.21616	0	0.25373	0.27612	0	0.23029	0.2045	0.40343	0.02743	0.62409	0	0	0	0.6106	0.97333	0.63004	0	1	0	1.38021
1	0	0	0	0.80066	0	0.50315	0.26825	0	0.17164	0.3973	0	0.28102	0.21457	0.8298	0.50715	0.52873	0	0	1	0.53003	0.43333	0.2671	1	1	0	3.15836
1	0	0	0	0.77626	0	0.50186	0.26825	0	0.17164	0.38754	0	0.26101	0.20678	0.81759	0.50715	0.52873	0	0	1	0.56829	0.41867	0.2671	1	1	0	3.0086
0	0	1	0	0.84491	0.33333	0.47291	0.13439	0	0.35075	0.33433	0	0.25161	0.39881	0.58334	0.02743	0.56963	0	0	0	0.48894	0.27333	0.6682	0	1	0	1.17609
1	0	1	0	0.84491	0.33333	0.25881	0.12506	0	0.32836	0.45924	0	0.23943	0.37446	0.5738	0.02743	0.46927	0	0	1	0.52063	0.38533	0.6498	0	1	0	0.84634
1	0	0	1	0.68354	0.33333	0.23729	1	1	0.41791	0.37618	0	0.31971	0.39672	0.59619	0.56801	0.48004	0	0	1	0.50553	0.64267	0.00037	1	1	0	2.43136
1	0	0	1	0.69702	0.33333	0.23006	1	1	0.35821	0.38496	0	0.31906	0.37522	0.58571	0.56801	0.62067	0	0	1	0.50398	0.626	0.00037	1	1	0	1.6988
0	0	1	0	0.64702	0.33333	0.74768	0.18636	0	0.26119	0.30999	0	0.38426	0.41827	0.60508	0.54493	0.76772	0	0	0	0.36342	0.44733	0.53149	1	1	0	1.47712
0	1	1	0	0.51613	0.33333	0.35536	0.24982	1	0.26866	0.31412	0	0.50806	0.66853	0.26916	0.02743	0.49414	0	0	0	0.30076	0.7	0.6847	0	0	0	1.17609
0	0	0	0	0.62862	0	0.47032	0.20564	0	0.4403	0.15442	0	0.29923	0.39358	0.4895	0.54184	0.59391	0	0	0	0.55961	0.32733	0.08861	1	0	1	2.12646
0	0	0	0	0.67411	0	0.39369	0.09919	0	0.52239	0.4031	0	0.31083	0.4194	0.58702	0.54005	0.6653	0	0	0	0.51913	0.45067	0.5358	1	1	0	2.02119
0	0	0	0	0.76096	0	0.46456	0.18802	0	0.41045	0.2899	0	0.42471	0.3963	0.58129	0.54074	0.63865	0	0	0	0.49458	0.418	0.6341	1	0	1	1.81954
0	0	0	0	0.61001	0	0.38386	0.23905	0	0.26119	0.4271	0	0.39876	0.39937	0.5872	0.53492	0.68961	0	0	0	0.52969	0.39667	0.63442	1	0	1	1.77815
0	0	0	0	0.61993	0	0.32857	0.2407	0	0.47015	0.08037	0	0.2777	0.3819	0.49819	0.54184	0.55485	0	0	0	0.56862	0.33933	0.0886	1	0	1	1.7707
0	0	0	0	0.59264	0	0.38163	0.21436	0	0.35821	0.07807	0	0.28126	0.36302	0.46205	0.54184	0.62679	0	0	0	0.54905	0.39867	0.0886	1	0	1	1.65321
0	0	0	0	0.66526	0	0.38516	0.23905	0	0.26119	0.18599	0	0.4805	0.42452	0.60455	0.54063	0.66188	0	0	0	0.4739	0.378	0.63384	1	0	1	1.0086
0	0	0	0	0.67411	0	0.40538	0.09919	0	0.52239	0.39392	0	0.32943	0.47776	0.59294	0.54005	0.67999	0	0	0	0.51322	0.48867	0.53837	1	1	0	1.00346
1	0	1	0	0.75103	0	0.43043	0.24656	1	0.23881	0.37905	0	0.31057	0.11411	0.56246	0.02743	0.53514	1	0	1	0.50979	0.44467	0.65174	1	1	0	2.20466
0	1	1	0	0.78743	0	0.33252	0.15929	0	0.14179	0.41148	0	0.39123	0.53039	0.59434	0.92144	0.63679	0	0	0	0.43165	0.44	0.71819	1	1	0	1.49248
0	0	1	0	0.79487	0	0.33124	0.15929	0	0.14925	0.4085	0	0.48234	0.41511	0.59684	0.92144	0.62284	0	0	0	0.32244	0.40733	0.71342	1	1	0	1.31848
0	0	1	0	0.79735	0	0.37087	0.15929	0	0.17164	0.39811	0	0.18912	0.21942	0.03516	0.92144	0.51355	0	0	0	0.62188	0.424	0.68376	1	1	0	0.41464
0	0	0	0	0.77213	0	0.46308	0.18564	0	0.23134	0.40425	0	0.20264	0.04261	0.45029	0.9641	0.55116	0	0	0	0.62071	0.414	0.6712	1	1	0	0.00087
0	0	1	0	0.79653	0	0.36382	0.15929	0	0.11194	0.41418	0	0.24702	0.39344	0.66229	1	0.63831	0	0	0	0.61524	0.38267	0.3244	1	1	0	0.00087
0	0	0	0	0.76675	0.33333	0.38757	0.38334	0	0.97015	0.40608	0	0.46754	0.62213	0.23527	0.33402	0.12625	0	0	0	0.57261	0.34333	0.99602	1	1	0	2.07918
0	0	1	0	0.44458	0.33333	0.27625	0.21695	0	0.24627	0.20264	0	0.21393	0.24545	0.68862	0.02743	0.57353	1	0	0	0.55607	0.76	0.73152	0	0	0	1.53555
0	0	1	0	0.43631	0.33333	0.26438	0.21695	0	0.29104	0.1946	0	0.21947	0.24787	0.6884	0.02743	0.51536	1	0	0	0.54993	0.7	0.73152	0	0	0	1.26951
0	0	1	0	0.47188	0.33333	0.23711	0.15555	0	0.18657	0.21757	0	0.21424	0.24	0.70047	0.02743	0.53394	1	0	0	0.56713	0.67333	0.73152	0	0	0	1.02612
0	0	1	0	0.59471	0.33333	0.41076	0.17609	0	0.20896	0.22101	0	0.18788	0.2612	0.28245	0.02743	0.86603	0	0	0	0.52035	0.278	0.60145	0	1	0	2.38021
0	0	1	0	0.59926	0.33333	0.39722	0.17609	0	0.19403	0.2279	0	0.19297	0.26219	0.28283	0.02743	0.84907	0	0	0	0.51299	0.26933	0.60145	0	1	0	2.07918
0	0	1	0	0.59926	0.33333	0.39685	0.17609	0	0.19403	0.2279	0	0.19236	0.26248	0.28318	0.02743	0.82709	0	0	0	0.51399	0.26933	0.60145	0	1	0	1.77815
1	0	0	1	0.6615	0.33333	0.34276	0.83913	1	0.44776	0.36051	1	0.45518	0.4555	0.57177	0.54149	0.15556	0	0	1	0.40306	0.72667	0	1	1	0	2.85733
1	0	1	0	0.6342	0.33333	0.4269	0.29693	1	0.34328	0.24684	0	0.24206	0.34111	0.35524	0.02743	0.56017	0	0	0	0.54639	0.37933	0.6501	0	1	0	2.07918
1	0	1	0	0.65666	0.33333	0.45974	0.27715	0	0.14925	0.30884	0	0.26575	0.34541	0.43318	0.27702	0.79377	0	0	0	0.54927	0.40867	0.30969	0	1	0	2.07918
1	0	1	0	0.58726	0.33333	0.41855	0.46788	1	0.60448	0.2147	1	0.18091	0.25871	0.30472	0.02743	0.28084	0	0	0	0.58228	0.43067	0.60116	0	1	0	1.84634
1	0	1	0	0.61621	0.33333	0.34583	0.41685	1	0.4403	0.40069	0	0.23106	0.39356	0.50727	0.02743	0.51319	1	0	0	0.50763	0.464	0.66076	0	1	0	1.77815
1	0	1	0	0.66249	0.33333	0.35128	0.43373	1	0.49254	0.25947	0	0.20852	0.35855	0.46547	0.02743	0.25591	1	0	0	0.51814	0.41133	0.65965	0	1	0	1.47712
1	0	1	0	0.62862	0.33333	0.35059	0.35544	1	0.35821	0.29104	0	0.22229	0.39366	0.49637	0.02743	0.53224	1	0	0	0.57631	0.436	0.66076	0	1	0	1.3006
1	0	1	0	0.62696	0.66667	0.40705	0.31339	1	0.50746	0.26349	0	0.32954	0.30767	0.33429	0.02743	0.44159	0	0	0	0.41733	0.42867	0.65011	0	1	0	1.07918
1	0	1	0	0.56741	0.33333	0.42226	0.31037	0	0.41791	0.22388	0	0.21886	0.32271	0.64293	0.13591	0.51229	0	0	0	0.65931	0.394	0.31336	0	1	0	1.00087
1	1	1	0	0.66894	0.33333	0.30371	0.31308	1	0.51493	0.26579	0	0.35943	0.59089	0.30528	0.02743	0.33191	0	0	1	0.39294	0.58533	0.66236	0	0	0	1.84634
1	1	1	0	0.64313	0.33333	0.30761	0.31308	1	0.36567	0.31056	0	0.40299	0.66949	0.32734	0.02743	0.45514	0	0	1	0.37188	0.496	0.66236	0	0	0	1.67468
1	0	1	0	0.60298	0.33333	0.24917	0.31308	1	0.36567	0.23651	0	0.50103	0.50535	0.34794	0.02743	0.45514	0	0	1	0.31647	0.44933	0.65003	0	1	0	1.42651
0	0	1	0	0.78412	0	0.48664	0.1086	0	0.21642	0.1969	0	0.29774	0.47609	0.69562	0.34102	0.56706	0	0	0	0.61955	0.376	0.34323	1	0	1	2.68771
0	0	1	0	0.77833	0	0.2731	0.24466	0	0.14925	0.19862	0	0.28709	0.44176	0.70882	0.33468	0.62866	0	0	0	0.6404	0.65067	0.25989	0	1	0	2.16732
0	0	1	0	0.71336	0	0.27718	0.23477	0	0.1194	0.19346	0	0.3532	0.42411	0.70228	0.33468	0.66773	0	0	0	0.53102	0.65267	0.25989	0	1	0	2.02857
0	0	1	0	0.8048	0.33333	0.27106	0.26111	0	0.16418	0.19633	0	0.49657	0.41377	0.7126	0.33468	0.67113	0	0	0	0.31558	0.63533	0.25989	0	1	0	1.96284
0	0	1	0	0.61621	0	0.47532	0.09872	0	0.20896	0.14696	0	0.29127	0.45697	0.68187	0.34102	0.56252	0	0	0	0.63658	0.38933	0.34323	1	0	1	1.93952
0	0	1	0	0.68213	0.33333	0.2744	0.26111	0	0.16418	0.1791	0	0.50356	0.41159	0.71611	0.14055	0.67166	0	0	0	0.31768	0.63533	0.26205	0	1	0	1.79099
0	0	1	0	0.6311	0.33333	0.46011	0.12506	0	0.25373	0.1527	0	0.32675	0.49396	0.70924	0.14341	0.61583	0	0	0	0.66291	0.34	0.34539	1	0	1	1.74803
1	0	1	0	0.71878	0.33333	0.39054	0.31279	0	0.30597	0.26808	0	0.27719	0.60232	0.73451	0.14055	0.63807	0	0	1	0.64023	0.31267	0.25302	1	1	0	1.74052
0	0	1	0	0.70546	0	0.27403	0.26267	0	0.12687	0.21068	0	0.32103	0.40846	0.69312	0.14055	0.58938	0	0	0	0.59705	0.656	0.26204	0	1	0	1.57955
0	0	1	0	0.69628	0	0.28071	0.23477	0	0.1194	0.18485	0	0.31779	0.41774	0.70321	0.14055	0.66922	0	0	0	0.60584	0.65267	0.26205	0	1	0	1.53173
0	0	1	0	0.66964	0	0.29369	0.24466	0	0.14179	0.1837	0	0.29331	0.46469	0.71692	0.14055	0.64913	0	0	0	0.65461	0.7	0.26205	0	1	0	1.4621
0	0	1	0	0.81969	0.33333	0.66976	0.10753	0	0.29851	0.25718	0	0.25971	0.43574	0.70331	0.14055	0.66118	0	0	0	0.66318	0.30667	0.27478	0	1	0	1.44747
0	0	1	0	0.58354	0	0.49796	0.1086	0	0.21642	0.18542	0	0.30837	0.47659	0.70381	0.14341	0.57392	0	0	0	0.63282	0.376	0.34539	1	0	1	1.43136
0	0	1	0	0.70008	0	0.2833	0.26267	0	0.14179	0.22273	0	0.31704	0.40613	0.6903	0.14055	0.54925	0	0	0	0.59754	0.69333	0.26204	0	1	0	1.39829
0	0	1	1	0.8048	0	0.40705	0.15964	1	0.14925	0.19173	0	0.47841	0.47578	0.73005	0.14055	0.66073	0	0	0	0.4593	0.39733	0.27541	1	1	0	1.3006
0	0	1	0	0.66671	0	0.28924	0.24466	0	0.14925	0.18829	0	0.33307	0.41983	0.71053	0.14055	0.63169	0	0	0	0.60827	0.65067	0.26205	0	1	0	1.25527
0	0	1	0	0.64793	0	0.29184	0.24466	0	0.14925	0.21068	0	0.33374	0.41087	0.687	0.14055	0.59857	0	0	0	0.61839	0.70667	0.26205	0	1	0	1.25527
0	0	1	0	0.66671	0	0.27699	0.24466	0	0.14925	0.18829	0	0.3448	0.42576	0.71375	0.14055	0.63183	0	0	0	0.59677	0.65067	0.26205	0	1	0	1.17609
0	0	1	0	0.57568	0	0.52616	0.1086	0	0.18657	0.23995	0	0.34017	0.5134	0.72484	0.14341	0.558	0	0	0	0.66191	0.35067	0.34539	1	0	1	1.17609
0	0	1	0	0.71344	0	0.40111	0.191	0	0.33582	0.3938	0	0.28659	0.45428	0.72226	0.36442	0.46259	0	0	0	0.61751	0.312	0.27995	0	1	0	1.0406
0	0	1	0	0.54715	0	0.39685	0.18111	0	0.35821	0.36651	0	0.22574	0.39974	0.68141	0.36442	0.45785	0	0	0	0.63736	0.31333	0.27995	0	1	0	0.97405
0	0	1	0	0.54715	0.33333	0.38627	0.20746	0	0.3806	0.35959	0	0.25654	0.47145	0.7129	0.20278	0.51146	0	0	0	0.65494	0.27467	0.28211	0	1	0	0.93044
0	0	1	0	0.65864	0	0.27403	0.24466	0	0.13433	0.21297	0	0.32753	0.43009	0.71483	0.14055	0.61474	0	0	0	0.60617	0.61533	0.26205	0	1	0	0.902
1	0	1	0	0.72953	0	0.40427	0.28644	0	0.23881	0.28932	0	0.32603	0.54355	0.73	0.14055	0.61377	0	0	1	0.60562	0.324	0.25302	1	1	0	0.902
0	0	1	1	0.76137	0	0.39981	0.16953	1	0.1791	0.19518	0	0.31345	0.48872	0.72776	0.14055	0.65965	0	0	0	0.64001	0.40867	0.27541	1	1	0	0.84634
1	0	1	0	0.70653	0	0.40427	0.29633	0	0.27612	0.29104	0	0.28525	0.58507	0.72829	0.14055	0.5981	0	0	1	0.64925	0.34067	0.25302	1	1	0	0.6988
0	0	1	0	0.49173	0.33333	0.62338	0.21155	0	0.3209	0.33197	0	0.26115	0.38007	0.70071	0.14055	0.565	0	0	0	0.62353	0.32533	0.25288	0	1	0	0.6988
0	0	1	0	0.59801	0	0.65306	0.18521	0	0.29104	0.39036	0	0.22828	0.38186	0.68202	0.33468	0.51105	0	0	0	0.64189	0.37	0.25072	0	1	0	0.67191
0	0	1	0	0.60918	0	0.40742	0.22022	0	0.37313	0.57692	0	0.26798	0.43368	0.70887	0.19787	0.51574	0	0	0	0.65627	0.25467	0.28164	0	1	0	0.5563
0	0	1	0	0.57361	0.33333	0.37996	0.20708	0	0.44776	0.15327	0	0.29614	0.42709	0.7062	0.20234	0.52454	0	0	0	0.63697	0.48067	0.27997	0	1	0	0.44747
0	0	1	0	0.73697	0	0.64564	0.1951	0	0.28358	0.41625	0	0.24047	0.41364	0.69748	0.33468	0.51597	0	0	0	0.64073	0.36067	0.25072	0	1	0	0.38021
0	0	1	0	0.76468	0.33333	0.37718	0.20746	0	0.3806	0.35442	0	0.22642	0.48804	0.70081	0.36442	0.50904	0	0	0	0.66351	0.27467	0.27995	0	1	0	0.27921
0	0	1	0	0.75889	0.33333	0.64935	0.11742	0	0.33582	0.26062	0	0.28668	0.4874	0.73394	0.14055	0.66009	0	0	0	0.67059	0.328	0.27478	0	1	0	0.27921
1	0	1	0	0.69735	0	0.40686	0.29633	0	0.23881	0.32026	0	0.30593	0.55762	0.73861	0.14055	0.62051	0	0	1	0.64809	0.32333	0.25302	1	1	0	-0.04576
0	0	1	0	0.61828	0	0.39685	0.21984	0	0.44776	0.28243	0	0.2837	0.4185	0.70052	0.19739	0.52881	0	0	0	0.64654	0.47	0.2795	0	1	0	-0.04576
0	0	1	0	0.45368	0	0.65121	0.1951	0	0.28358	0.38611	0	0.26492	0.40231	0.70621	0.14055	0.52291	0	0	0	0.62696	0.36067	0.25288	0	1	0	-0.22185
0	0	1	0	0.50496	0	0.4115	0.191	0	0.33582	0.41636	0	0.25911	0.48313	0.71642	0.20278	0.46948	0	0	0	0.65655	0.312	0.28211	0	1	0	-0.3012
0	0	1	0	0.78495	0.33333	0.61781	0.21155	0	0.3209	0.37755	0	0.24216	0.37217	0.68677	0.33468	0.56256	0	0	0	0.62315	0.32533	0.25072	0	1	0	-0.39772
0	0	1	0	0.58023	0	0.39981	0.18074	0	0.3806	0.16762	0	0.29999	0.40112	0.70647	0.20234	0.48362	0	0	0	0.61386	0.5	0.27997	0	1	0	-0.39772
0	0	1	0	0.53846	0	0.39369	0.19063	0	0.40299	0.1814	0	0.27698	0.46778	0.72196	0.20234	0.48251	0	0	0	0.66683	0.50667	0.27997	0	1	0	-0.39772
0	0	1	0	0.5062	0.33333	0.41002	0.18598	0	0.4403	0.12055	0	0.22308	0.35548	0.61088	0.43523	0.53055	0	0	0	0.61933	0.43267	0.36109	0	1	0	2.51215
0	0	1	0	0.75352	0	0.6679	0.22347	0	0.29851	0.33284	0	0.28387	0.55255	0.68102	0.13489	0.61749	0	0	0	0.63399	0.334	0.25621	0	1	0	-0.92082
0	0	1	0	0.55335	0	0.37792	0.17085	0	0.52239	0.21297	0	0.16678	0.29314	0.27304	0.08769	0.51481	0	0	0	0.62248	0.58533	0.63364	0	1	0	-0.72125
0	0	1	0	0.56576	0	0.59555	0.19255	1	0.57463	0.17279	0	0.2259	0.13541	0.28236	0.02743	0.56361	0	0	0	0.49524	0.17933	0.64579	1	1	0	-0.61979
0	0	1	0	0.58726	0	0.58998	0.16465	1	0.52239	0.22732	0	0.24281	0.18984	0.32533	0.02743	0.57719	0	0	0	0.52787	0.224	0.64664	1	1	0	-0.38722
0	0	1	0	0.52978	0	0.56586	0.22577	1	0.6791	0.2744	0	0.23899	0.12784	0.27609	0.02743	0.48965	0	0	0	0.46638	0.17933	0.64579	1	1	0	-0.36653
0	0	1	0	0.55004	0	0.41447	0.28575	0	0.41045	0.08209	0	0.24506	0.38004	0.71139	0.14055	0.49001	0	0	0	0.61695	0.342	0.25393	0	1	0	-0.09691
0	0	1	0	0.85443	0	0.53247	0.30883	0	0.39552	0.4198	0	0.15312	0.25585	0.65169	0.15936	0.74127	0	0	0	0.66584	0.28467	0.257	1	1	0	0
0	0	1	0	0.78164	0	0.6679	0.25669	0	0.33582	0.36315	0	0.29281	0.48048	0.67938	0.13489	0.61326	0	0	0	0.65351	0.32933	0.25634	0	1	0	0.13988
0	0	1	0	0.59181	0	0.41243	0.21889	1	0.53731	0.17623	0	0.27897	0.17243	0.32427	0.02743	0.62849	0	0	0	0.5078	0.362	0.64579	1	1	0	0.21219
0	0	1	1	0.70633	0	0.39202	0.14975	1	0.18657	0.22101	0	0.18655	0.34562	0.28775	0.02743	0.69197	0	0	0	0.60977	0.43133	0.62779	1	1	0	0.27875
0	0	1	0	0.74194	0	0.68831	0.26463	0	0.23134	0.41848	0	0.2834	0.50522	0.67582	0.13489	0.69826	0	0	0	0.63421	0.39	0.27357	0	1	0	0.28556
0	0	1	0	0.49049	0	0.42022	0.28575	0	0.36567	0.14925	0	0.24567	0.36624	0.70438	0.14055	0.54023	0	0	0	0.62409	0.32133	0.25393	0	1	0	0.36173
0	0	1	0	0.51447	0	0.5603	0.19099	1	0.3806	0.15499	0	0.37991	0.19122	0.33765	0.02743	0.64734	0	0	0	0.37044	0.39667	0.64664	1	1	0	0.43457
0	0	1	0	0.63354	0	0.56957	0.12638	0	0.19403	0.33031	0	0.20398	0.42781	0.27961	0.02743	0.71122	0	0	0	0.65367	0.254	0.59669	0	1	0	0.47712
1	0	1	0	0.64098	0	0.6679	0.16465	1	0.46269	0.19001	0	0.28361	0.09083	0.55105	0.02743	0.59304	1	0	1	0.49696	0.32133	0.65174	1	1	0	0.54158
0	0	1	0	0.76675	0.33333	0.47013	0.3177	0	0.54478	0.05511	0	0.2109	0.37453	0.69101	0.33468	0.55649	0	0	0	0.62154	0.334	0.25176	0	1	0	0.5682
0	0	1	1	0.45947	0	0.48924	0.21388	1	0.32836	0.12342	0	0.29989	0.30096	0.46778	0.54149	0.70205	0	0	0	0.50503	0.33467	0.04409	1	1	0	0.57634
0	0	1	0	0.62572	0	0.58627	0.12638	0	0.1791	0.32222	0	0.21282	0.39163	0.29302	0.02743	0.76118	0	0	0	0.59378	0.282	0.59673	0	1	0	0.60206
0	0	1	0	0.61001	0	0.55844	0.12638	0	0.14179	0.33691	0	0.32613	0.38756	0.35513	0.19254	0.74904	0	0	0	0.52466	0.296	0.61179	0	1	0	0.60206
0	0	1	0	0.45451	0	0.52579	0.23034	1	0.39552	0.124	0	0.24565	0.13453	0.29175	0.02743	0.71108	0	0	0	0.48861	0.35733	0.64579	1	1	0	0.62014
0	0	1	0	0.45451	0	0.52579	0.23034	1	0.39552	0.124	0	0.24565	0.13453	0.29175	0.02743	0.71108	0	0	0	0.48861	0.35733	0.64579	1	1	0	0.62014
0	0	1	0	0.53267	0.33333	0.39332	0.31209	0	0.52239	0	0	0.22842	0.36311	0.69781	0.14055	0.49874	0	0	0	0.62027	0.334	0.25393	0	1	0	0.66276
1	0	1	0	0.61084	0	0.34027	0.19346	1	0.18657	0.52411	0	0.267	0.15426	0.58516	0.02743	0.53448	1	0	1	0.52787	0.27867	0.65179	1	1	0	0.69897
0	0	1	0	0.64582	0	0.56215	0.12638	0	0.1791	0.31791	0	0.18963	0.41215	0.27224	0.02743	0.7424	0	0	0	0.63128	0.28933	0.59669	0	1	0	0.69897
1	0	1	1	0.7684	0	0.37959	0.28806	1	0.26119	0.37692	0	0.30078	0.33499	0.44467	0.02743	0.60663	0	0	1	0.50017	0.51133	0.64672	1	1	0	0.70757
1	0	1	0	0.59181	0.66667	0.26809	0.39546	0	0.17164	0.39592	0	0.35041	0.47893	0.31458	0.03081	0.53196	0	0	1	0.55734	0.74667	0.72541	0	0	1	0.73239
1	0	1	1	0.64739	0	0.30705	0.14975	1	0.23134	0.46096	0	0.41462	0.26227	0.65427	0.02743	0.59591	1	0	1	0.49237	0.63467	0.65335	1	1	0	0.74036
1	0	1	0	0.72705	0.33333	0.18423	0.27529	1	0.69403	0.41751	0	0.1687	0.32993	0.49834	0.02743	0.3836	1	0	1	0.62984	0.426	0.66048	0	1	0	0.75587
0	0	1	0	0.75848	0.33333	0.62338	0.26051	0	0.29104	0.34661	0	0.3059	0.58769	0.69108	0.13489	0.63412	0	0	0	0.59047	0.38867	0.25628	0	1	0	0.76193
1	1	1	0	0.66175	0.33333	0.26809	0.32905	1	0.58209	0.36679	0	0.29617	0.42421	0.50216	0.02743	0.39825	1	0	1	0.51017	0.418	0.66702	0	0	0	0.77815
0	0	1	0	0.62076	0	0.55473	0.1596	0	0.20149	0.28186	0	0.26885	0.50434	0.6727	0.13591	0.68843	0	0	0	0.64068	0.26133	0.30998	0	1	0	0.77815
1	0	1	0	0.51282	0	0.46308	0.40588	1	0.47761	0.15499	1	0.22041	0.23332	0.30251	0.07802	0.34096	0	0	1	0.50995	0.33933	0.60522	1	1	0	0.83251
0	0	1	0	0.75682	0	0.45139	0.22173	0	0.40299	0.29736	0	0.183	0.30656	0.70712	0.50164	0.60974	0	0	0	0.58671	0.24667	0.42148	1	1	0	0.8451
0	0	1	0	0.51034	0	0.40891	0.28575	0	0.52239	0.09644	0	0.21482	0.35457	0.68742	0.14055	0.44637	0	0	0	0.62	0.37333	0.25393	0	1	0	0.8451
0	0	0	0	0.62696	0	0.76252	0.16417	0	0.41791	0.1946	0	0.22349	0.07293	0.50058	0.5301	0.67241	0	0	0	0.66711	0.37067	0.58856	1	1	0	0.85673
1	0	1	0	0.60918	0	0.44378	0.40588	1	0.52239	0.55568	1	0.37088	0.33649	0.3466	0.07802	0.31189	0	0	1	0.34323	0.37733	0.61172	1	1	0	0.85733
0	0	1	0	0.53267	0	0.42245	0.28575	0	0.45522	0.00574	0	0.22173	0.36559	0.54208	0.14055	0.45773	0	0	0	0.6211	0.34733	0.25393	0	1	0	0.87506
1	0	1	0	0.80066	0	0.4397	0.56454	1	0.44776	0.40184	0	0.24244	0.12212	0.5739	0.02743	0.54796	1	0	1	0.57316	0.46067	0.65179	1	1	0	0.90309
0	0	0	0	0.55087	0	0.76067	0.16417	0	0.41791	0.17049	0	0.22882	0.06938	0.49914	0.52874	0.67241	0	0	0	0.6665	0.37067	0.58856	1	1	0	0.92012
0	0	1	0	0.54177	0	0.42171	0.28575	0	0.41791	0.04765	0	0.22694	0.36784	0.6989	0.14055	0.50265	0	0	0	0.61933	0.334	0.25393	0	1	0	0.92942
1	0	1	0	0.7895	0	0.40686	0.56454	1	0.50746	0.32555	0	0.25969	0.14233	0.57061	0.02743	0.49805	1	0	1	0.60103	0.46733	0.65179	1	1	0	0.95424
1	0	1	1	0.60918	0.33333	0.30371	0.53187	1	0.29851	0.48163	0	0.42422	0.53543	0.61119	0.02743	0.64637	1	0	1	0.61723	0.42	0.71008	1	0	0	0.95521
0	0	1	0	0.56369	0.66667	0.02041	0.55941	0	0.63433	0.37331	0	0.41831	0.45198	0.5766	0.02743	0.47083	1	1	0	0.54081	0.54933	0.72307	1	1	0	1
1	0	1	0	0.67411	0	0.24026	0.16712	1	0.38806	0.21183	0	0.25229	0.11524	0.56078	0.02743	0.41786	1	0	1	0.51488	0.32933	0.65179	1	1	0	1
1	0	1	1	0.82134	0.33333	0.36456	0.35831	1	0.26119	0.36552	0	0.37173	0.2851	0.44592	0.02743	0.71748	0	0	1	0.46793	0.54333	0.64672	1	1	0	1.00432
0	0	1	0	0.57775	0	0.66234	0.42802	0	0.34328	0.48565	0	0.20859	0.23853	0.2802	0.02743	0.62256	0	0	0	0.50641	0.31067	0.59903	0	1	0	1.0086
1	0	1	0	0.70252	0	0.25547	0.16712	1	0.29104	0.32279	0	0.27935	0.32735	0.56365	0.02743	0.49827	1	0	1	0.50846	0.306	0.65806	1	1	0	1.0607
0	0	1	0	0.91522	0	0.51169	0.23145	0	0.47015	0.3415	0	0.16692	0.20013	0.64298	0.15936	0.64036	0	0	0	0.63432	0.22467	0.257	1	1	0	1.07918
0	0	1	0	0.72705	0	0.42134	0.13831	1	0.25373	0.25488	0	0.32202	0.34669	0.44457	0.02743	0.65219	0	0	0	0.48092	0.23933	0.64672	1	1	0	1.07918
0	0	1	0	0.62945	0	0.57514	0.12638	0	0.14925	0.3054	0	0.27102	0.51164	0.67985	0.13489	0.76239	0	0	0	0.62906	0.26133	0.24821	0	1	0	1.07918
1	1	1	0	0.62614	0.33333	0.22115	0.27529	1	0.69403	0.37052	0	0.29366	0.49793	0.50268	0.02743	0.38361	1	0	1	0.44929	0.49533	0.66702	0	0	0	1.13988
1	0	1	0	0.61952	0	0.42468	0.56454	1	0.48507	0.5333	0	0.26797	0.13078	0.58067	0.02743	0.49396	1	0	1	0.55922	0.492	0.65179	1	1	0	1.14301
0	0	1	0	0.63379	0	0.5256	0.15407	0	0.36567	0.27555	0	0.20301	0.2527	0.69839	0.51121	0.64966	0	0	0	0.56509	0.24533	0.42148	1	1	0	1.17609
0	0	1	0	0.61001	0.66667	0.42876	0.05269	0	0.22388	0.562	0	0.3638	0.60172	0.68789	0.1986	0.37471	0	0	0	0.53539	0.46467	0.6496	0	1	0	1.17609
0	0	1	0	0.62821	0	0.56957	0.12638	0	0.13433	0.32021	0	0.33217	0.49119	0.68339	0.13489	0.78396	0	0	0	0.55049	0.212	0.24821	0	1	0	1.17609
0	0	1	0	0.69305	0.33333	0.41929	0.04212	0	0.09478	0.4403	0	0.36097	0.44556	0.66972	0.1986	0.43562	0	0	0	0.54048	0.43067	0.64852	0	1	0	1.20412
0	0	1	0	0.62572	0	0.56586	0.12638	0	0.13433	0.30884	0	0.27041	0.52614	0.67985	0.13489	0.79761	0	0	0	0.63089	0.26867	0.24821	0	1	0	1.20412
0	0	1	1	0.53639	0	0.94249	0.21388	1	0.47761	0.08209	0	0.28645	0.27113	0.4584	0.54149	0.682	0	0	0	0.52627	0.32	0.04409	1	1	0	1.22011
0	0	1	0	0.75062	0	0.64378	0.42802	0	0.43284	0.44948	0	0.16935	0.22767	0.27333	0.02743	0.51455	0	0	0	0.59096	0.35067	0.59903	0	1	0	1.22531
0	0	1	0	0.69028	0	0.51596	0.15407	0	0.38806	0.27382	0	0.20451	0.25676	0.70073	0.50965	0.66517	0	0	0	0.5652	0.24533	0.42148	1	1	0	1.23045
0	1	1	0	0.68734	0.33333	0.56772	0.10372	0	0.18657	0.58209	0	0.32457	0.62836	0.14848	0.02743	0.39454	0	0	0	0.52345	0.49867	0.60396	0	0	0	1.23045
0	0	1	0	0.65368	0	0.55659	0.12638	0	0.14179	0.32549	0	0.27175	0.52346	0.68039	0.13489	0.80312	0	0	0	0.62851	0.26867	0.24821	0	1	0	1.23045
1	0	1	0	0.53763	0.33333	0.06679	0.30237	0	0.45522	0.22732	0	0.19818	0.28756	0.2799	0.02743	0.55671	0	0	0	0.53274	0.34667	0.60103	0	1	0	1.25527
0	0	1	0	0.6385	0.33333	0.38404	0.22377	1	0.52239	0.19747	0	0.2832	0.31951	0.3401	0.02743	0.32384	0	0	0	0.4515	0.41267	0.65063	0	1	0	1.30103
1	0	1	1	0.62572	0	0.26809	0.21068	1	0.24627	0.47876	0	0.46329	0.51374	0.67105	0.02743	0.5857	1	1	1	0.49043	0.526	0.67644	1	1	0	1.32222
0	0	1	0	0.50455	0	0.93135	0.23034	1	0.59701	0.07635	0	0.1615	0.09988	0.28437	0.02743	0.78334	0	0	0	0.56752	0.30733	0.64579	1	1	0	1.33846
0	0	1	0	0.6347	0	0.61039	0.12638	0	0.20149	0.33697	0	0.13885	0.3174	0.042	0.02743	0.67285	0	0	0	0.64681	0.31067	0.58591	0	1	0	1.38021
0	0	1	0	0.78329	0.33333	0.2577	0.21616	0	0.25373	0.27612	0	0.23029	0.2045	0.40343	0.02743	0.62409	0	0	0	0.6106	0.97333	0.63004	0	1	0	1.38021
1	0	1	0	0.44127	0.33333	0.22653	0.14867	0	0.16418	0.42009	0	0.36004	0.50372	0.42129	0.03081	0.54241	0	0	1	0.52997	0.81333	0.73436	0	0	1	1.39094
0	0	1	0	0.50455	0	0.55844	0.12638	0	0.14925	0.3031	0	0.2859	0.5389	0.70686	0.13466	0.79908	0	0	0	0.62669	0.31133	0.2594	0	1	0	1.39794
0	0	1	0	0.66017	0	0.41373	0.28575	0	0.45522	0.04707	0	0.18588	0.3979	0.68782	0.33468	0.45612	0	0	0	0.66733	0.34733	0.25176	0	1	0	1.39794
0	0	1	1	0.55252	0	0.92393	0.18598	1	0.44776	0.093	0	0.33422	0.36408	0.64239	0.54149	0.69558	0	0	0	0.52627	0.35733	0.06641	1	1	0	1.41497
1	0	1	1	0.48428	0	0.50983	0.21388	1	0.21642	0.16705	0	0.43751	0.38123	0.61863	0.54149	0.8372	0	0	1	0.38598	0.35533	0.0496	1	1	0	1.42975
1	0	1	1	0.60256	0	0.25028	0.21068	1	0.28358	0.48622	0	0.44094	0.48331	0.66545	0.02743	0.54236	1	1	1	0.51814	0.562	0.67644	1	1	0	1.43136
0	0	1	0	0.62324	0	0.36252	0.17085	0	0.22388	0.25086	0	0.20698	0.29473	0.28892	0.08769	0.79988	0	0	0	0.54805	0.35467	0.63365	0	1	0	1.43616
1	0	1	0	0.54508	0.33333	0.06865	0.30237	0	0.38806	0.21125	0	0.17706	0.32414	0.2904	0.02743	0.63771	0	0	0	0.6211	0.314	0.60103	0	1	0	1.44716
1	0	1	0	0.67696	0.33333	0.1885	0.56664	1	0.6194	0.3899	0	0.26088	0.35826	0.47556	0.02743	0.05584	1	0	0	0.5418	0.396	0.65976	0	1	0	1.46982
0	0	1	0	0.71588	0.33333	0.36623	0.18598	1	0.54478	0.2279	0	0.57255	0.34568	0.33825	0.02743	0.46219	0	0	0	0.15815	0.42333	0.65057	0	1	0	1.47712
0	0	1	0	0.79818	0.33333	0.17217	0.32299	0	0.56716	0.25718	0	0.30907	0.65701	0.25061	0.0333	0.55704	0	0	0	0.53838	0.64333	0.74431	0	0	1	1.49415
1	0	1	0	0.54467	0.33333	0.25028	0.14867	0	0.14925	0.42824	0	0.31769	0.51579	0.32416	0.03081	0.55385	0	0	1	0.62696	0.76667	0.72629	0	0	1	1.51055
0	0	1	0	0.64868	0	0.40148	0.28575	0	0.52239	0.00402	0	0.18338	0.38561	0.68072	0.33468	0.44482	0	0	0	0.65981	0.37333	0.25176	0	1	0	1.51851
0	0	1	0	0.50041	0	0.66234	0.18521	1	0.41045	0.55454	0	0.23107	0.30625	0.33658	0.02743	0.48407	0	0	0	0.5047	0.356	0.64821	0	1	0	1.52582
0	0	1	0	0.87055	0	0.45399	0.29286	0	0.41045	0.38318	0	0.17219	0.20201	0.64348	0.15936	0.78603	0	0	0	0.62895	0.24867	0.257	1	1	0	1.53148
0	0	1	0	0.41894	0	0.63451	0.42802	0	0.46269	0.43743	0	0.20446	0.17309	0.24815	0.02743	0.48755	0	0	0	0.51034	0.34467	0.59908	0	1	0	1.56348
1	0	1	0	0.71836	0.33333	0.21095	0.42823	1	0.92537	0.42423	1	0.17646	0.34887	0.45112	0.02743	0.18368	1	0	0	0.57244	0.45	0.66153	0	1	0	1.58659
0	0	1	0	0.48056	0	0.26494	0.11409	0	0.30597	0.33817	0	0.24991	0.38552	0.53904	0.19399	0.60527	1	0	0	0.62049	0.384	0.62528	0	1	0	1.58659
1	0	1	0	0.68888	0.33333	0.13173	0.39408	1	0.70896	0.40941	0	0.18933	0.3366	0.4652	0.02743	0.22498	1	0	0	0.52444	0.41067	0.65976	0	1	0	1.58883
1	0	0	0	0.5273	0.33333	0.41521	0.17501	0	0.23134	0.49483	0	0.32223	0.28069	0.53492	0.23095	0.55279	0	0	1	0.5684	0.76667	0.7045	0	1	0	1.59106
0	0	1	0	0.75103	0	0.4256	0.06093	0	0.04851	0.34587	0	0.29188	0.52747	0.6964	0.13489	0.75406	0	0	0	0.59013	0.226	0.27239	1	1	0	1.60206
0	0	1	0	0.74648	0	0.66605	0.25669	0	0.29104	0.35379	0	0.29294	0.50792	0.67864	0.13489	0.62922	0	0	0	0.6425	0.39667	0.25634	0	1	0	1.617
1	0	1	0	0.64032	0	0.28071	0.16712	1	0.20896	0.25718	0	0.28585	0.35338	0.56716	0.02743	0.60627	1	0	1	0.50874	0.25267	0.65806	1	1	0	1.62839
1	0	1	0	0.55294	0.33333	0.10761	0.30237	0	0.40299	0.20838	0	0.25676	0.38472	0.52475	0.02743	0.58852	0	0	0	0.50514	0.314	0.61182	0	1	0	1.65321
0	0	1	0	0.55955	0	0.58256	0.25027	1	0.27612	0.20551	0	0.45993	0.47687	0.74084	0.10813	0.70151	0	0	0	0.4149	0.34	0.30636	1	1	0	1.66276
0	0	1	0	0.5517	0	0.6679	0.18521	1	0.30597	0.48967	0	0.22214	0.27585	0.33438	0.02743	0.53971	0	0	0	0.50719	0.37467	0.64821	0	1	0	1.66764
0	0	1	0	0.86683	0	0.53247	0.23145	0	0.3209	0.29564	0	0.17126	0.20262	0.6427	0.15936	0.76513	0	0	0	0.63448	0.21067	0.257	1	1	0	1.6721
0	0	1	0	0.55335	0	0.65677	0.18521	1	0.35821	0.5729	0	0.21386	0.27599	0.3285	0.02743	0.49746	0	0	0	0.51017	0.33533	0.64821	0	1	0	1.69469
1	0	1	0	0.78867	0	0.08349	0.22744	1	0.41791	0.48393	0	0.2283	0.31395	0.49675	0.02743	0.58842	1	0	0	0.47506	0.30467	0.6602	0	1	0	1.69897
1	0	1	1	0.73077	0	0.31688	0.30542	1	0.3209	0.35488	0	0.39792	0.50717	0.66905	0.02743	0.62793	1	0	1	0.56862	0.534	0.71292	1	1	0	1.69897
1	1	1	0	0.64909	0.33333	0.17124	0.39408	1	0.70896	0.43111	0	0.29243	0.49893	0.47038	0.02743	0.22499	1	0	0	0.4316	0.47467	0.6663	0	0	0	1.70757
0	0	1	0	0.47064	0.33333	0.61224	0.21155	1	0.50746	0.47072	0	0.24539	0.28965	0.32818	0.02743	0.43882	0	0	0	0.50752	0.33533	0.64822	0	1	0	1.7209
1	1	1	0	0.51654	0.33333	0.24954	0.42823	1	0.92537	0.35075	1	0.38776	0.44461	0.46602	0.02743	0.18368	1	0	0	0.2938	0.51667	0.66807	0	0	0	1.73159
0	0	1	0	0.67357	0.33333	0.4744	0.02634	0	0.14179	0.47417	0	0.5514	0.56007	0.7013	0.1986	0.45299	0	0	0	0.20676	0.43733	0.6496	0	1	0	1.73239
0	0	1	0	0.60794	0	0.6846	0.24246	0	0.33582	0.43111	0	0.22342	0.08964	0.50459	0.54673	0.61589	0	0	0	0.67833	0.276	0.5804	1	1	0	1.74624
1	0	1	0	0.61538	0.33333	0.3859	0.20399	1	0.11194	0.48852	0	0.44003	0.84548	0.62364	0.01804	0.80578	1	0	1	0.50514	0.32067	0.77844	1	0	1	1.75587
0	0	1	0	0.58147	0	0.40501	0.28575	0	0.41045	0.08152	0	0.19413	0.40119	0.69416	0.33468	0.48852	0	0	0	0.66075	0.342	0.25176	0	1	0	1.75587
0	0	1	0	0.58106	0.33333	0.30891	0.33593	1	0.50746	0.06487	0	0.24754	0.33511	0.31201	0.02743	0.42599	0	0	0	0.51095	0.344	0.65449	1	1	0	1.77815
0	0	1	0	0.65157	0.33333	0.31521	0.33136	1	0.58209	0.34633	0	0.23677	0.26612	0.31662	0.02743	0.42456	0	0	0	0.57073	0.37667	0.65134	1	1	0	1.77815
1	0	1	0	0.53102	0	0.34753	0.40141	1	0.66418	0.16475	1	0.25955	0.38163	0.3464	0.02743	0.19407	0	0	0	0.52372	0.364	0.59876	1	1	0	1.78746
1	0	1	0	0.61497	0	0.2872	0.16712	1	0.1791	0.27095	0	0.28258	0.36404	0.56796	0.02743	0.66027	1	0	1	0.51565	0.232	0.65806	1	1	0	1.78888
0	0	1	0	0.75641	0.33333	0.17866	0.32299	0	0.52239	0.30425	0	0.33811	0.66868	0.29758	0.0333	0.58404	0	0	0	0.51598	0.61867	0.74518	0	0	1	1.79934
1	0	1	0	0.62572	0	0.43395	0.56454	1	0.46269	0.36369	0	0.26952	0.1166	0.56922	0.02743	0.52096	1	0	1	0.52632	0.45933	0.65179	1	1	0	1.79934
0	0	1	0	0.62779	0.33333	0.30519	0.47835	0	0.95522	0.4271	1	0.17262	0.27187	0.25538	0.02743	0	0	0	0	0.66003	0.40467	0.63425	0	1	0	1.81291
1	0	1	1	0.62324	0	0.22245	0.28897	1	0.30597	0.46096	0	0.45935	0.51573	0.67184	0.02743	0.51686	1	1	1	0.52367	0.51733	0.67644	1	1	0	1.8451
0	0	1	0	0.62614	0	0.36178	0.08727	0	0.13433	0.23134	0	0.28585	0.45292	0.54407	0.19399	0.72351	1	0	0	0.60313	0.39933	0.65183	1	1	0	1.85733
1	0	1	1	0.57361	0.33333	0.28367	0.50553	1	0.26119	0.48048	0	0.42002	0.86118	0.63792	0.01804	0.64053	1	0	1	0.48673	0.46867	0.77737	1	0	1	1.85733
1	0	1	0	0.50827	0	0.33692	0.52751	1	0.79104	0.08668	1	0.20864	0.25675	0.32864	0.02743	0.15622	0	0	0	0.52096	0.36067	0.60056	1	1	0	1.86153
1	0	1	0	0.56038	0	0.35401	0.25166	1	0.44776	0.22158	1	0.21112	0.28077	0.32385	0.08331	0.32362	0	0	0	0.55817	0.27667	0.60522	1	1	0	1.86451
0	0	1	0	0.71526	0.33333	0.16976	0.32299	0	0.31343	0.30941	0	0.36326	0.69301	0.32683	0.0333	0.80005	0	0	0	0.52195	0.48867	0.74521	0	0	1	1.86451
0	0	1	0	0.6249	0	0.40056	0.16465	1	0.20896	0.22273	0	0.37147	0.2655	0.44067	0.02743	0.72234	0	0	0	0.3518	0.38733	0.64672	1	1	0	1.89209
1	0	1	1	0.67436	0	0.38404	0.56454	1	0.52985	0.31223	0	0.24955	0.12816	0.57827	0.02743	0.50213	1	0	1	0.57294	0.502	0.65183	1	1	0	1.91908
0	0	1	0	0.61249	0.66667	0.01855	0.49849	0	0.55224	0.31952	0	0.34215	0.48486	0.57361	0.08331	0.58577	1	0	0	0.65699	0.562	0.71506	0	1	0	1.94448
1	0	1	0	0.57816	0.33333	0.6475	0.21724	1	0.1791	0.44489	0	0.53752	0.76343	0.65877	0.01804	0.72317	1	0	0	0.47362	0.37867	0.78101	1	0	1	1.95904
0	0	1	0	0.72002	0.33333	0.41558	0.05975	0	0.19403	0.44834	0	0.41744	0.65546	0.70376	0.1986	0.37468	0	0	0	0.40046	0.446	0.64963	0	1	0	1.97313
1	0	1	0	0.59098	0	0.10019	0.2011	1	0.4403	0.84788	0	0.21025	0.23302	0.47713	0.02743	0.56898	1	0	0	0.45123	0.366	0.656	0	1	0	1.98227
1	0	1	0	0.54467	0	0.33056	0.27956	1	0.41045	0.13203	1	0.22412	0.21585	0.31014	0.02743	0.36214	0	0	1	0.50216	0.24	0.59699	1	1	0	1.98677
1	0	1	0	0.2316	0	0.09276	0.2011	1	0.54478	0.91217	0	0.19101	0.18669	0.47089	0.02743	0.51024	1	0	0	0.45637	0.37933	0.6555	0	1	0	2
1	0	1	0	0.66423	0	0.50148	0.51351	1	0.52239	0.52468	0	0.36393	0.17308	0.60203	0.02743	0.53335	1	0	1	0.49779	0.488	0.65194	1	1	0	2.00817
0	0	1	0	0.73532	0	0.64564	0.26463	0	0.27612	0.42767	0	0.37186	0.55381	0.60637	0.02743	0.68279	0	0	0	0.35556	0.42933	0.64784	0	1	0	2.0086
1	0	1	0	0.50414	0	0.11688	0.2625	1	0.5597	0.71183	0	0.20234	0.26751	0.48384	0.02743	0.48172	1	0	0	0.49663	0.346	0.656	0	1	0	2.02119
1	0	1	0	0.62614	0	0.29202	0.16712	1	0.15672	0.28186	0	0.28326	0.36485	0.56837	0.02743	0.71428	1	0	1	0.51576	0.21533	0.65806	1	1	0	2.04922
1	0	1	0	0.52854	0	0.29814	0.27956	1	0.52985	0.27842	1	0.22177	0.20389	0.29082	0.08405	0.35328	0	0	1	0.49784	0.346	0.60522	1	1	0	2.07918
0	0	1	0	0.59305	0	0.29072	0.16465	1	0.28358	0.37064	0	0.39807	0.29291	0.48587	0.02743	0.71708	0	0	0	0.3372	0.38	0.64672	1	1	0	2.07918
1	0	1	1	0.61042	0.33333	0.36531	0.53187	1	0.40299	0.43341	0	0.26345	0.53631	0.54898	0.54149	0.55026	0	0	1	0.63415	0.45067	0.04959	1	0	0	2.09342
0	0	1	0	0.60463	0	0.49518	0.17054	0	0.22388	0.1659	0	0.16003	0.3207	0.2958	0.02743	0.77118	0	0	0	0.61159	0.45933	0.64944	0	1	0	2.09342
1	0	1	1	0.58354	0.33333	0.89425	0.24023	1	0.38806	0.19059	0	0.34696	0.37224	0.42899	0.2105	0.76053	0	0	1	0.46173	0.33867	0.6648	1	1	0	2.10037
1	0	1	0	0.67411	0	0.19202	0.07829	1	0.28358	0.52698	0	0.15663	0.07604	0.4646	0.02743	0.52588	1	0	0	0.50288	0.262	0.64974	0	1	0	2.11394
0	0	1	0	0.87552	0	0.37161	0.17384	0	0.16418	0.12342	0	0.35447	0.37941	0.75674	0.02743	0.61303	1	0	0	0.3894	0.83333	0.73857	0	1	0	2.12057
0	0	1	0	0.54177	0	0.65863	0.18521	1	0.21642	0.46154	0	0.25954	0.31346	0.35031	0.02743	0.58472	0	0	0	0.52864	0.29467	0.64821	0	1	0	2.13988
1	0	1	0	0.67411	0	0.21874	0.07829	1	0.24627	0.51263	0	0.18413	0.20535	0.47229	0.02743	0.54755	1	0	0	0.46251	0.28267	0.6555	0	1	0	2.17609
0	0	1	0	0.58437	0	0.62152	0.42802	0	0.49254	0.63146	0	0.17421	0.24277	0.29583	0.02743	0.46055	0	0	0	0.6049	0.39333	0.60076	0	1	0	2.19645
1	0	1	0	0.53557	0	0.3321	0.27956	1	0.44776	0.13433	1	0.21671	0.28234	0.32066	0.08331	0.34461	0	0	1	0.53351	0.302	0.60522	1	1	0	2.19811
1	0	1	0	0.71493	0.33333	0.5256	0.15567	0	0.06493	0.51493	0	0.45409	0.76956	0.72348	0.1986	0.63761	0	0	1	0.47412	0.45533	0.6496	1	1	0	2.20412
0	0	1	0	0.63366	0	0.37477	0.17609	1	0.19403	0.2434	0	0.39488	0.29932	0.46353	0.02743	0.79967	0	0	0	0.38592	0.38933	0.64672	1	1	0	2.20952
1	0	1	0	0.70988	0	0.14842	0.22744	1	0.38806	0.53387	0	0.23812	0.26165	0.48079	0.02743	0.60126	1	0	0	0.44548	0.33467	0.6566	0	1	0	2.23045
1	0	1	0	0.67758	0	0.23599	0.11151	1	0.18657	0.42331	0	0.23567	0.33106	0.48901	0.08333	0.55662	1	0	0	0.4838	0.26	0.66492	0	1	0	2.23045
1	0	1	0	0.6311	0	0.32666	0.25166	1	0.49254	0.7302	1	0.28787	0.30491	0.37278	0.08331	0.29449	0	0	0	0.39239	0.29067	0.61172	1	1	0	2.25527
1	0	1	0	0.6311	0	0.3026	0.27956	1	0.49254	0.7302	1	0.34569	0.31237	0.3428	0.08331	0.31557	0	0	1	0.36408	0.344	0.61172	1	1	0	2.32428
1	0	1	1	0.60918	0.33333	0.30371	0.53187	1	0.29851	0.48163	0	0.41465	0.3913	0.61691	0.02743	0.64637	1	0	1	0.50127	0.42	0.71008	1	0	0	2.36361
1	0	1	0	0.2316	0	0.1039	0.2011	1	0.48507	0.85878	0	0.23385	0.31282	0.48434	0.02743	0.53555	1	0	0	0.41136	0.422	0.66127	0	1	0	2.37658
1	0	1	0	0.62903	0.33333	0.39777	0.36924	1	0.43284	0.26923	1	0.27085	0.3524	0.36688	0.02743	0.48953	0	0	1	0.49453	0.54467	0.65063	0	1	0	2.38021
0	0	1	0	0.70041	0	0.6141	0.25669	0	0.33582	0.47417	0	0.36873	0.52476	0.6102	0.02743	0.61376	0	0	0	0.49934	0.44	0.62581	0	1	0	2.38739
1	0	1	0	0.66187	0	0.27662	0.27956	1	0.57463	0.64122	1	0.35472	0.30407	0.34493	0.08405	0.32424	0	0	1	0.37315	0.388	0.61172	1	1	0	2.41497
1	0	1	1	0.60918	0.33333	0.30371	0.53187	1	0.29851	0.48163	0	1	0.71686	0.73295	0.02743	0.64637	1	0	1	0	0.42	0.71008	1	0	0	2.4216
0	0	1	0	0.60587	0.66667	0.01484	0.49849	0	0.68657	0.33674	0	0.34525	0.3222	0.55617	0.02743	0.5027	1	0	0	0.5553	0.61533	0.70573	0	1	0	2.43616
1	0	1	1	0.60918	0.33333	0.30371	0.53187	1	0.29851	0.48163	0	0.49808	0.43156	0.63264	0.02743	0.64637	1	0	1	0.43071	0.42	0.71008	1	0	0	2.43616
0	0	1	1	0.77378	0	0.35427	0.07082	1	0.19403	0.38726	0	0.28695	0.55279	0.54984	0.02743	0.69432	0	0	0	0.48734	0.426	0.64636	1	1	0	2.44716
1	0	1	1	0.55583	0	0.92579	0.21388	1	0.33582	0.14581	0	0.48418	0.37759	0.61925	0.54149	0.81714	0	0	1	0.25575	0.342	0.0496	1	1	0	2.47857
1	0	1	0	0.64884	0	0.32078	0.35415	1	0.69403	0.15786	0	0.19985	0.34281	0.47372	0.02743	0.43025	1	0	0	0.46035	0.35467	0.65992	0	1	0	2.49415
0	0	1	0	0.26055	0	0.42801	0.02634	0	0.14179	0.08955	0	0.22902	0.09592	0.51279	0.19399	0.65004	1	0	0	0.47108	0.434	0.61486	0	1	0	2.49969
0	1	1	0	0.76551	0	0.4974	0.18982	0	0.16418	0.18772	0	0.45508	0.74625	0.2892	0.02743	0.68237	0	0	0	0.30414	0.86	0.62789	0	0	0	2.50243
0	0	1	0	0.64276	0	0.48794	0.12638	0	0.17164	0.26234	0	0.29148	0.50274	0.58828	0.02743	0.78215	0	0	0	0.48468	0.29733	0.61556	0	1	0	2.51851
1	0	1	0	0.66522	0.33333	0.46141	0.02634	0	0.13433	0.47359	0	0.44462	0.59031	0.69397	0.1986	0.48193	0	0	1	0.37724	0.46133	0.6496	0	1	0	2.5682
0	0	1	0	0.76882	0	0.40334	0.06093	0	0.16418	0.31797	0	0.30598	0.37228	0.50878	0.02743	0.71214	0	0	0	0.45792	0.27733	0.63766	1	1	0	2.58433
1	0	1	0	0.64884	0	0.32078	0.35415	1	0.69403	0.15786	0	0.20387	0.34281	0.47852	0.02743	0.43025	1	0	0	0.46035	0.35467	0.65992	0	1	0	2.63144
1	0	1	1	0.55294	0	0.91651	0.21388	1	0.30597	0.14925	0	0.33376	0.37565	0.42828	0.2105	0.82545	0	0	1	0.47606	0.33867	0.6648	1	1	0	2.63749
1	0	1	1	0.58106	0	0.92208	0.18598	1	0.39552	0.10276	0	0.36977	0.39534	0.7653	0.54149	0.7331	0	0	1	0.5183	0.39867	0.07733	1	1	0	2.66464
1	0	1	1	0.60918	0.33333	0.30371	0.53187	1	0.29851	0.48163	0	0.29913	0.47463	0.61099	0.02743	0.64637	1	0	1	0.59683	0.42	0.71008	1	0	0	2.68485
0	0	1	0	0.47477	0	0.64935	0.1951	1	0.4403	0.5465	0	0.25139	0.30467	0.3366	0.02743	0.41041	0	0	0	0.50039	0.38	0.64822	0	1	0	2.70859
1	0	1	0	0.64607	0	0.13915	0.2011	1	0.34328	0.74856	0	0.24914	0.35712	0.49974	0.08331	0.59331	1	0	0	0.4405	0.33467	0.66483	0	1	0	2.72428
1	0	1	0	0.43548	0.33333	0.22171	0.14867	0	0.14925	0.43226	0	0.39463	0.58681	0.60078	0.03081	0.5762	0	0	1	0.52018	0.82	0.74414	0	0	1	2.74989
1	0	1	0	0.67411	0	0.23711	0.07829	1	0.21642	0.50057	0	0.22723	0.32017	0.48274	0.02743	0.57286	1	0	0	0.41766	0.33867	0.66127	0	1	0	2.79934
0	0	1	0	0.54136	0	0.65863	0.42802	0	0.39552	0.60276	0	0.34063	0.50748	0.73413	0.09924	0.5873	0	0	0	0.49917	0.42267	0.33242	0	1	0	2.87122
1	0	1	0	0.2316	0	0.09276	0.2011	1	0.54478	0.91217	0	0.19101	0.18669	0.47089	0.02743	0.51024	1	0	0	0.45637	0.37933	0.6555	0	1	0	2.88649
1	0	1	0	0.67411	0	0.09091	0.2011	1	0.61194	1	0	0.16004	0.08029	0.46941	0.02743	0.48856	1	0	0	0.50227	0.368	0.64974	0	1	0	2.90309
0	0	1	0	0.6562	0	0.46401	0.06413	0	0.10224	0.26234	0	0.49532	0.57206	0.75932	0.2579	0.89979	0	0	0	0.49696	0.378	0.36599	0	0	1	2.96085
0	0	1	0	0.77089	0	0.67718	0.3798	1	0.47015	0.30941	0	0.24529	0.15106	0.31771	0.02743	0.56565	0	0	0	0.51908	0.42267	0.64579	1	1	0	2.97955
0	0	1	0	0.71497	0	0.64193	0.21616	0	0.24627	0.15155	0	0.45164	0.17968	0.64426	0.23118	0.67744	0	0	0	0.34511	0.86	0.61284	0	1	0	2.98227
0	0	1	0	0.67866	0	0.43247	0.13831	1	0.24627	0.26751	0	0.32738	0.51776	0.53888	0.02743	0.71096	0	0	0	0.4562	0.28533	0.63771	1	1	0	3.12057
1	0	1	0	0.2316	0	0.1039	0.2011	1	0.48507	0.85878	0	0.23385	0.31282	0.48434	0.02743	0.53555	1	0	0	0.41136	0.422	0.66127	0	1	0	3.30103
0	0	1	0	0.8536	0	0.34256	0.17384	0	0.14179	0.14179	0	0.37651	0.46925	0.76109	0.02743	0.61798	1	0	0	0.40124	0.82	0.72881	0	1	0	3.32222
0	0	1	0	0.8536	0	0.32536	0.17384	0	0.14925	0.14179	0	0.37335	0.46394	0.75652	0.02743	0.61811	1	0	0	0.40483	0.82	0.72881	0	1	0	3.35793
1	0	1	0	0.53557	0.33333	0.24378	0.14867	0	0.14179	0.438	0	0.40881	0.55997	0.50597	0.03081	0.59642	0	0	1	0.48142	0.76	0.7361	0	0	1	3.42846
0	0	1	0	0.76923	0	0.66976	0.3519	1	0.4403	0.31544	0	0.23158	0.20831	0.35496	0.02743	0.57923	0	0	0	0.5715	0.426	0.64664	1	1	0	3.46982
1	0	1	0	0.2316	0	0.12616	0.2011	1	0.4403	0.8209	0	0.2991	0.43048	0.4979	0.02743	0.55259	1	0	0	0.3158	0.46	0.66703	0	1	0	3.95904
1	0	0	0	0.54549	0.33333	0.42004	0.17501	0	0.22388	0.50402	0	0.39939	0.38238	0.54646	0.23095	0.56983	0	0	1	0.46262	0.76	0.70963	0	1	0	3.15836
