0.47712
0.84634
1.39829
1.41464
1.74052
2.74429
0.63367
0.90849
1.36135
1.64326
0.77815
0.84634
0.84634
1.07918
1.11461
1.22994
1.25527
1.25527
1.25527
1.27921
1.34282
1.41464
1.49164
1.61257
1.6988
1.76358
1.80754
1.81158
1.90849
1.95999
1.99564
2.22531
2.50406
2.68664
2.7577
0.94841
1.03342
1.51693
1.44747
2.28601
2.66913
2.33686
1.58297
0.47538
2.57054
0.77815
2.84261
1.67742
1.63185
1.37144
1.29667
1.34044
1.15836
1.11661
0.95424
0.41464
0.14551
2.67025
2.55267
2.40346
2.30963
2.13033
2.04532
1.79934
1.57955
2.44091
2.49831
2.42062
2.30835
1.95424
1.84261
1.81558
2.07041
1.93349
1.86451
1.68556
3.63246
2.94547
1.56844
1.53173
1.73624
0.89873
0.5563
0.34282
0.63669
0.61066
0.58569
0.54382
0.38021
0.33686
0.28601
0.22994
0.13418
0.11461
0.08565
0.0406
0.0406
-0.00436
-0.04576
-0.04576
-0.04576
-0.06956
-0.08197
-0.15366
-0.18046
-0.19246
-0.24413
-0.40894
-0.43156
-0.48149
-0.72492
-1.22185
1.65321
1.78675
1.77247
1.72362
1.59106
1.59106
1.59106
1.43136
1.43136
1.43136
2.5563
2.09202
1.63002
2.07918
-0.30963
2.43136
2.07918
1.17609
0.78675
0.34869
0.20466
0.16554
0.06595
0.06145
0.04766
0.02119
0.01368
-0.18842
-0.45618
0.67191
0.50488
3.49415
3.03822
2.96284
2.25527
2.11461
2.46568
2.37694
2.29667
2.18808
2.73239
2.87506
2.74194
2.5977
2.52634
2.41162
2.29667
2.17609
2.76492
1.92428
3.4216
3.38021
3.29667
2.85733
2.76938
2.59106
2.34635
2.19312
1.92428
1.73239
1.6988
2.10037
1.72411
0.902
0.60228
1.71617
0.6988
0.60228
1.74617
1.52556
1.38021
3.15836
3.0086
1.17609
0.84634
2.43136
1.6988
1.47712
1.17609
2.12646
2.02119
1.81954
1.77815
1.7707
1.65321
1.0086
1.00346
2.20466
1.49248
1.31848
0.41464
0.00087
0.00087
2.07918
1.53555
1.26951
1.02612
2.38021
2.07918
1.77815
2.85733
2.07918
2.07918
1.84634
1.77815
1.47712
1.3006
1.07918
1.00087
1.84634
1.67468
1.42651
2.68771
2.16732
2.02857
1.96284
1.93952
1.79099
1.74803
1.74052
1.57955
1.53173
1.4621
1.44747
1.43136
1.39829
1.3006
1.25527
1.25527
1.17609
1.17609
1.0406
0.97405
0.93044
0.902
0.902
0.84634
0.6988
0.6988
0.67191
0.5563
0.44747
0.38021
0.27921
0.27921
-0.04576
-0.04576
-0.22185
-0.3012
-0.39772
-0.39772
-0.39772
2.51215
-0.92082
-0.72125
-0.61979
-0.38722
-0.36653
-0.09691
0
0.13988
0.21219
0.27875
0.28556
0.36173
0.43457
0.47712
0.54158
0.5682
0.57634
0.60206
0.60206
0.62014
0.62014
0.66276
0.69897
0.69897
0.70757
0.73239
0.74036
0.75587
0.76193
0.77815
0.77815
0.83251
0.8451
0.8451
0.85673
0.85733
0.87506
0.90309
0.92012
0.92942
0.95424
0.95521
1
1
1.00432
1.0086
1.0607
1.07918
1.07918
1.07918
1.13988
1.14301
1.17609
1.17609
1.17609
1.20412
1.20412
1.22011
1.22531
1.23045
1.23045
1.23045
1.25527
1.30103
1.32222
1.33846
1.38021
1.38021
1.39094
1.39794
1.39794
1.41497
1.42975
1.43136
1.43616
1.44716
1.46982
1.47712
1.49415
1.51055
1.51851
1.52582
1.53148
1.56348
1.58659
1.58659
1.58883
1.59106
1.60206
1.617
1.62839
1.65321
1.66276
1.66764
1.6721
1.69469
1.69897
1.69897
1.70757
1.7209
1.73159
1.73239
1.74624
1.75587
1.75587
1.77815
1.77815
1.78746
1.78888
1.79934
1.79934
1.81291
1.8451
1.85733
1.85733
1.86153
1.86451
1.86451
1.89209
1.91908
1.94448
1.95904
1.97313
1.98227
1.98677
2
2.00817
2.0086
2.02119
2.04922
2.07918
2.07918
2.09342
2.09342
2.10037
2.11394
2.12057
2.13988
2.17609
2.19645
2.19811
2.20412
2.20952
2.23045
2.23045
2.25527
2.32428
2.36361
2.37658
2.38021
2.38739
2.41497
2.4216
2.43616
2.43616
2.44716
2.47857
2.49415
2.49969
2.50243
2.51851
2.5682
2.58433
2.63144
2.63749
2.66464
2.68485
2.70859
2.72428
2.74989
2.79934
2.87122
2.88649
2.90309
2.96085
2.97955
2.98227
3.12057
3.30103
3.32222
3.35793
3.42846
3.46982
3.95904
3.15836
